1628410560.551035166 -2.6226 -3.4801 -0.2308 0.0038 0.0029 0.8622 -0.5065
1628410560.601143599 -2.6397 -3.5167 -0.2306 0.0040 0.0027 0.8637 -0.5039
1628410560.651251793 -2.6568 -3.5532 -0.2303 0.0042 0.0026 0.8652 -0.5014
1628410560.701360226 -2.6739 -3.5898 -0.2300 0.0044 0.0024 0.8667 -0.4989
1628410560.751468420 -2.6910 -3.6264 -0.2298 0.0045 0.0023 0.8681 -0.4963
1628410560.801576614 -2.7081 -3.6629 -0.2295 0.0047 0.0021 0.8696 -0.4938
1628410560.851685047 -2.7252 -3.6995 -0.2292 0.0049 0.0020 0.8710 -0.4912
1628410560.901793242 -2.7423 -3.7360 -0.2290 0.0051 0.0018 0.8725 -0.4886
1628410560.951901674 -2.7594 -3.7726 -0.2287 0.0053 0.0016 0.8739 -0.4861
1628410561.002009869 -2.7765 -3.8091 -0.2284 0.0054 0.0015 0.8753 -0.4835
1628410561.052118063 -2.7937 -3.8457 -0.2282 0.0056 0.0013 0.8767 -0.4809
1628410561.102226496 -2.8108 -3.8823 -0.2279 0.0058 0.0012 0.8781 -0.4784
1628410561.152334690 -2.8279 -3.9188 -0.2276 0.0060 0.0010 0.8795 -0.4758
1628410561.202443123 -2.8450 -3.9554 -0.2274 0.0062 0.0008 0.8809 -0.4732
1628410561.252551317 -2.8621 -3.9919 -0.2271 0.0064 0.0007 0.8823 -0.4706
1628410561.302639484 -2.8947 -4.0167 -0.2264 0.0059 0.0006 0.8848 -0.4660
1628410561.352727652 -2.9274 -4.0414 -0.2256 0.0054 0.0006 0.8872 -0.4614
1628410561.402815819 -2.9601 -4.0661 -0.2249 0.0049 0.0006 0.8896 -0.4567
1628410561.452903986 -2.9927 -4.0908 -0.2241 0.0045 0.0005 0.8920 -0.4521
1628410561.502992153 -3.0254 -4.1156 -0.2234 0.0040 0.0005 0.8943 -0.4474
1628410561.553080320 -3.0580 -4.1403 -0.2227 0.0035 0.0004 0.8967 -0.4427
1628410561.603168488 -3.0907 -4.1650 -0.2219 0.0030 0.0004 0.8990 -0.4380
1628410561.653256655 -3.1234 -4.1898 -0.2212 0.0026 0.0004 0.9012 -0.4333
1628410561.703344822 -3.1560 -4.2145 -0.2205 0.0021 0.0003 0.9035 -0.4286
1628410561.753433228 -3.1887 -4.2392 -0.2197 0.0016 0.0003 0.9057 -0.4238
1628410561.803521395 -3.2213 -4.2639 -0.2190 0.0011 0.0002 0.9079 -0.4191
1628410561.853609562 -3.2540 -4.2887 -0.2183 0.0007 0.0002 0.9101 -0.4143
1628410561.903697729 -3.2866 -4.3134 -0.2175 0.0002 0.0002 0.9123 -0.4096
1628410561.953785896 -3.3193 -4.3381 -0.2168 -0.0003 0.0001 0.9144 -0.4048
1628410562.003874063 -3.3520 -4.3628 -0.2161 -0.0008 0.0001 0.9165 -0.4000
1628410562.053962231 -3.3846 -4.3876 -0.2153 -0.0012 0.0000 0.9186 -0.3952
1628410562.104050398 -3.4173 -4.4123 -0.2146 -0.0017 0.0000 0.9207 -0.3904
1628410562.154138565 -3.4499 -4.4370 -0.2138 -0.0022 -0.0000 0.9227 -0.3856
1628410562.204226732 -3.4826 -4.4618 -0.2131 -0.0026 -0.0001 0.9247 -0.3807
1628410562.254314899 -3.5153 -4.4865 -0.2124 -0.0031 -0.0001 0.9267 -0.3759
1628410562.304414272 -3.4960 -4.4716 -0.2149 -0.0032 0.0000 0.9286 -0.3711
1628410562.354513407 -3.4767 -4.4568 -0.2174 -0.0033 0.0001 0.9305 -0.3663
1628410562.404612780 -3.4574 -4.4419 -0.2199 -0.0034 0.0002 0.9324 -0.3615
1628410562.454712152 -3.4382 -4.4270 -0.2224 -0.0036 0.0004 0.9342 -0.3567
1628410562.504811287 -3.4189 -4.4122 -0.2249 -0.0037 0.0005 0.9361 -0.3518
1628410562.554910660 -3.3996 -4.3973 -0.2274 -0.0038 0.0006 0.9379 -0.3470
1628410562.605010033 -3.3803 -4.3825 -0.2299 -0.0039 0.0007 0.9397 -0.3421
1628410562.655109406 -3.3611 -4.3676 -0.2324 -0.0040 0.0008 0.9414 -0.3372
1628410562.705208540 -3.3418 -4.3527 -0.2348 -0.0041 0.0010 0.9431 -0.3323
1628410562.755307913 -3.3225 -4.3379 -0.2373 -0.0042 0.0011 0.9449 -0.3275
1628410562.805407286 -3.3032 -4.3230 -0.2398 -0.0043 0.0012 0.9465 -0.3226
1628410562.855506420 -3.2840 -4.3081 -0.2423 -0.0044 0.0013 0.9482 -0.3176
1628410562.905605793 -3.2647 -4.2933 -0.2448 -0.0045 0.0014 0.9498 -0.3127
1628410562.955705166 -3.2454 -4.2784 -0.2473 -0.0046 0.0016 0.9514 -0.3078
1628410563.005804539 -3.2262 -4.2636 -0.2498 -0.0047 0.0017 0.9530 -0.3029
1628410563.055903673 -3.2069 -4.2487 -0.2523 -0.0048 0.0018 0.9546 -0.2979
1628410563.106003046 -3.1876 -4.2338 -0.2548 -0.0050 0.0019 0.9561 -0.2930
1628410563.156102419 -3.1683 -4.2190 -0.2573 -0.0051 0.0020 0.9576 -0.2880
1628410563.206201553 -3.1491 -4.2041 -0.2598 -0.0052 0.0022 0.9591 -0.2831
1628410563.256300926 -3.1298 -4.1893 -0.2623 -0.0053 0.0023 0.9605 -0.2781
1628410563.306399822 -3.0877 -4.1631 -0.2622 -0.0051 0.0026 0.9639 -0.2662
1628410563.356498957 -3.0456 -4.1369 -0.2620 -0.0048 0.0029 0.9671 -0.2542
1628410563.406597853 -3.0035 -4.1107 -0.2619 -0.0046 0.0032 0.9702 -0.2422
1628410563.456696987 -2.9615 -4.0845 -0.2617 -0.0044 0.0035 0.9732 -0.2301
1628410563.506795883 -2.9194 -4.0584 -0.2615 -0.0042 0.0039 0.9760 -0.2179
1628410563.556895018 -2.8773 -4.0322 -0.2614 -0.0040 0.0042 0.9786 -0.2056
1628410563.606993914 -2.8352 -4.0060 -0.2612 -0.0038 0.0045 0.9811 -0.1934
1628410563.657093048 -2.7932 -3.9798 -0.2611 -0.0035 0.0048 0.9835 -0.1810
1628410563.707191944 -2.7511 -3.9536 -0.2609 -0.0033 0.0051 0.9857 -0.1687
1628410563.757290840 -2.7090 -3.9275 -0.2608 -0.0031 0.0054 0.9877 -0.1563
1628410563.807389975 -2.6669 -3.9013 -0.2606 -0.0029 0.0057 0.9896 -0.1439
1628410563.857488871 -2.6248 -3.8751 -0.2605 -0.0027 0.0061 0.9913 -0.1315
1628410563.907588005 -2.5828 -3.8489 -0.2603 -0.0024 0.0064 0.9929 -0.1190
1628410563.957686901 -2.5407 -3.8227 -0.2601 -0.0022 0.0067 0.9943 -0.1066
1628410564.007786036 -2.4986 -3.7966 -0.2600 -0.0020 0.0070 0.9955 -0.0941
1628410564.057884932 -2.4565 -3.7704 -0.2598 -0.0018 0.0073 0.9966 -0.0817
1628410564.107984066 -2.4144 -3.7442 -0.2597 -0.0016 0.0076 0.9976 -0.0692
1628410564.158082962 -2.3724 -3.7180 -0.2595 -0.0013 0.0079 0.9984 -0.0568
1628410564.208182096 -2.3303 -3.6918 -0.2594 -0.0011 0.0082 0.9990 -0.0444
1628410564.258280993 -2.2882 -3.6657 -0.2592 -0.0009 0.0085 0.9995 -0.0320
1628410564.308378696 -2.2399 -3.6669 -0.2590 -0.0008 0.0084 0.9997 -0.0222
1628410564.358476639 -2.1917 -3.6682 -0.2589 -0.0006 0.0083 0.9999 -0.0123
1628410564.408574343 -2.1434 -3.6695 -0.2587 -0.0005 0.0082 1.0000 -0.0024
1628410564.458672047 -2.0951 -3.6707 -0.2585 -0.0003 0.0081 0.9999 0.0075
1628410564.508769751 -2.0469 -3.6720 -0.2583 -0.0002 0.0080 0.9998 0.0175
1628410564.558867455 -1.9986 -3.6733 -0.2581 -0.0001 0.0079 0.9996 0.0274
1628410564.608965397 -1.9504 -3.6745 -0.2579 0.0001 0.0078 0.9993 0.0373
1628410564.659063101 -1.9021 -3.6758 -0.2578 0.0002 0.0077 0.9989 0.0473
1628410564.709160805 -1.8538 -3.6771 -0.2576 0.0003 0.0076 0.9983 0.0572
1628410564.759258747 -1.8056 -3.6783 -0.2574 0.0005 0.0075 0.9977 0.0672
1628410564.809356451 -1.7573 -3.6796 -0.2572 0.0006 0.0074 0.9970 0.0771
1628410564.859454155 -1.7090 -3.6809 -0.2570 0.0007 0.0073 0.9962 0.0870
1628410564.909551859 -1.6608 -3.6821 -0.2569 0.0009 0.0072 0.9953 0.0969
1628410564.959649563 -1.6125 -3.6834 -0.2567 0.0010 0.0071 0.9943 0.1068
1628410565.009747505 -1.5642 -3.6847 -0.2565 0.0011 0.0070 0.9931 0.1167
1628410565.059845209 -1.5160 -3.6859 -0.2563 0.0013 0.0069 0.9919 0.1265
1628410565.109942913 -1.4677 -3.6872 -0.2561 0.0014 0.0068 0.9906 0.1364
1628410565.160040855 -1.4195 -3.6885 -0.2559 0.0016 0.0067 0.9892 0.1462
1628410565.210138559 -1.3712 -3.6898 -0.2558 0.0017 0.0066 0.9877 0.1559
1628410565.260236263 -1.3229 -3.6910 -0.2556 0.0018 0.0065 0.9862 0.1657
1628410565.310456038 -1.3000 -3.6988 -0.2556 0.0017 0.0064 0.9853 0.1707
1628410565.360675573 -1.2771 -3.7066 -0.2557 0.0016 0.0064 0.9844 0.1758
1628410565.410895348 -1.2542 -3.7143 -0.2557 0.0014 0.0064 0.9835 0.1808
1628410565.461114883 -1.2313 -3.7221 -0.2558 0.0013 0.0063 0.9826 0.1859
1628410565.511334658 -1.2084 -3.7299 -0.2558 0.0012 0.0063 0.9816 0.1909
1628410565.561554432 -1.1855 -3.7376 -0.2559 0.0011 0.0063 0.9806 0.1959
1628410565.611773968 -1.1626 -3.7454 -0.2559 0.0009 0.0062 0.9796 0.2010
1628410565.661993742 -1.1397 -3.7532 -0.2560 0.0008 0.0062 0.9785 0.2060
1628410565.712213278 -1.1168 -3.7610 -0.2560 0.0007 0.0062 0.9775 0.2110
1628410565.762433052 -1.0939 -3.7687 -0.2560 0.0006 0.0061 0.9764 0.2160
1628410565.812652826 -1.0710 -3.7765 -0.2561 0.0004 0.0061 0.9752 0.2211
1628410565.862872362 -1.0480 -3.7843 -0.2561 0.0003 0.0060 0.9741 0.2261
1628410565.913092136 -1.0251 -3.7920 -0.2562 0.0002 0.0060 0.9729 0.2311
1628410565.963311672 -1.0022 -3.7998 -0.2562 0.0001 0.0060 0.9717 0.2361
1628410566.013531446 -0.9793 -3.8076 -0.2563 -0.0001 0.0059 0.9705 0.2410
1628410566.063751221 -0.9564 -3.8154 -0.2563 -0.0002 0.0059 0.9692 0.2460
1628410566.113970757 -0.9335 -3.8231 -0.2564 -0.0003 0.0059 0.9680 0.2510
1628410566.164190531 -0.9106 -3.8309 -0.2564 -0.0004 0.0058 0.9667 0.2559
1628410566.214410067 -0.8877 -3.8387 -0.2565 -0.0006 0.0058 0.9653 0.2609
1628410566.264629841 -0.8648 -3.8464 -0.2565 -0.0007 0.0057 0.9640 0.2658
1628410566.317238331 -0.8319 -3.8636 -0.2574 -0.0008 0.0055 0.9651 0.2619
1628410566.369846821 -0.7990 -3.8807 -0.2582 -0.0010 0.0053 0.9661 0.2580
1628410566.422455311 -0.7661 -3.8979 -0.2591 -0.0011 0.0050 0.9672 0.2540
1628410566.475063562 -0.7332 -3.9150 -0.2600 -0.0013 0.0048 0.9682 0.2501
1628410566.527672052 -0.7003 -3.9322 -0.2609 -0.0014 0.0046 0.9692 0.2461
1628410566.580280542 -0.6674 -3.9493 -0.2617 -0.0016 0.0043 0.9702 0.2422
1628410566.632889032 -0.6345 -3.9665 -0.2626 -0.0017 0.0041 0.9712 0.2382
1628410566.685497522 -0.6016 -3.9836 -0.2635 -0.0019 0.0038 0.9722 0.2342
1628410566.738106012 -0.5688 -4.0007 -0.2643 -0.0020 0.0036 0.9731 0.2303
1628410566.790714264 -0.5359 -4.0179 -0.2652 -0.0022 0.0034 0.9741 0.2263
1628410566.843322754 -0.5030 -4.0350 -0.2661 -0.0023 0.0031 0.9750 0.2223
1628410566.895931244 -0.4701 -4.0522 -0.2670 -0.0025 0.0029 0.9759 0.2183
1628410566.948539734 -0.4372 -4.0693 -0.2678 -0.0026 0.0027 0.9768 0.2143
1628410567.001148224 -0.4043 -4.0865 -0.2687 -0.0028 0.0024 0.9776 0.2103
1628410567.053756714 -0.3714 -4.1036 -0.2696 -0.0029 0.0022 0.9785 0.2064
1628410567.106364965 -0.3385 -4.1207 -0.2704 -0.0031 0.0019 0.9793 0.2024
1628410567.158973455 -0.3056 -4.1379 -0.2713 -0.0032 0.0017 0.9801 0.1984
1628410567.211581945 -0.2727 -4.1550 -0.2722 -0.0034 0.0015 0.9809 0.1944
1628410567.264190435 -0.2398 -4.1722 -0.2730 -0.0035 0.0012 0.9817 0.1904
1628410567.314289570 -0.2176 -4.1861 -0.2724 -0.0028 0.0012 0.9823 0.1871
1628410567.364388704 -0.1954 -4.2001 -0.2718 -0.0022 0.0011 0.9830 0.1838
1628410567.414487839 -0.1732 -4.2140 -0.2712 -0.0015 0.0011 0.9836 0.1805
1628410567.464586735 -0.1509 -4.2279 -0.2705 -0.0008 0.0010 0.9842 0.1772
1628410567.514685869 -0.1287 -4.2419 -0.2699 -0.0001 0.0010 0.9848 0.1740
1628410567.564785004 -0.1065 -4.2558 -0.2693 0.0005 0.0009 0.9853 0.1707
1628410567.614884138 -0.0843 -4.2697 -0.2686 0.0012 0.0009 0.9859 0.1674
1628410567.664983273 -0.0621 -4.2837 -0.2680 0.0019 0.0008 0.9864 0.1641
1628410567.715082407 -0.0398 -4.2976 -0.2674 0.0025 0.0008 0.9870 0.1608
1628410567.765181541 -0.0176 -4.3115 -0.2668 0.0032 0.0007 0.9875 0.1575
1628410567.815280437 0.0046 -4.3255 -0.2661 0.0039 0.0007 0.9880 0.1542
1628410567.865379572 0.0268 -4.3394 -0.2655 0.0046 0.0006 0.9885 0.1509
1628410567.915478706 0.0490 -4.3533 -0.2649 0.0052 0.0005 0.9890 0.1476
1628410567.965577841 0.0713 -4.3673 -0.2642 0.0059 0.0005 0.9895 0.1443
1628410568.015676975 0.0935 -4.3812 -0.2636 0.0066 0.0004 0.9900 0.1410
1628410568.065776110 0.1157 -4.3951 -0.2630 0.0072 0.0004 0.9905 0.1377
1628410568.115875006 0.1379 -4.4091 -0.2624 0.0079 0.0003 0.9909 0.1344
1628410568.165974140 0.1601 -4.4230 -0.2617 0.0086 0.0003 0.9913 0.1311
1628410568.216073275 0.1824 -4.4369 -0.2611 0.0093 0.0002 0.9918 0.1277
1628410568.266172409 0.2046 -4.4509 -0.2605 0.0099 0.0002 0.9922 0.1244
1628410568.316270828 0.1867 -4.4445 -0.2613 0.0096 0.0003 0.9927 0.1203
1628410568.366369247 0.1689 -4.4381 -0.2620 0.0093 0.0003 0.9932 0.1161
1628410568.416467667 0.1510 -4.4317 -0.2628 0.0089 0.0004 0.9937 0.1119
1628410568.466566086 0.1332 -4.4253 -0.2636 0.0086 0.0005 0.9941 0.1077
1628410568.516664505 0.1153 -4.4190 -0.2644 0.0082 0.0006 0.9946 0.1035
1628410568.566763163 0.0975 -4.4126 -0.2652 0.0079 0.0007 0.9950 0.0993
1628410568.616861582 0.0797 -4.4062 -0.2660 0.0076 0.0008 0.9954 0.0952
1628410568.666960001 0.0618 -4.3998 -0.2668 0.0072 0.0008 0.9958 0.0910
1628410568.717058420 0.0440 -4.3934 -0.2676 0.0069 0.0009 0.9962 0.0868
1628410568.767156839 0.0261 -4.3871 -0.2684 0.0065 0.0010 0.9966 0.0826
1628410568.817255259 0.0083 -4.3807 -0.2691 0.0062 0.0011 0.9969 0.0784
1628410568.867353678 -0.0096 -4.3743 -0.2699 0.0059 0.0012 0.9972 0.0742
1628410568.917452097 -0.0274 -4.3679 -0.2707 0.0055 0.0013 0.9975 0.0700
1628410568.967550516 -0.0453 -4.3615 -0.2715 0.0052 0.0013 0.9978 0.0658
1628410569.017649174 -0.0631 -4.3552 -0.2723 0.0048 0.0014 0.9981 0.0616
1628410569.067747593 -0.0810 -4.3488 -0.2731 0.0045 0.0015 0.9983 0.0574
1628410569.117846012 -0.0988 -4.3424 -0.2739 0.0042 0.0016 0.9986 0.0532
1628410569.167944431 -0.1167 -4.3360 -0.2747 0.0038 0.0017 0.9988 0.0490
1628410569.218042850 -0.1345 -4.3296 -0.2755 0.0035 0.0018 0.9990 0.0448
1628410569.268141270 -0.1524 -4.3232 -0.2762 0.0031 0.0018 0.9992 0.0406
1628410569.318240881 -0.1919 -4.3202 -0.2763 0.0030 0.0017 0.9989 0.0472
1628410569.368340731 -0.2314 -4.3172 -0.2763 0.0028 0.0015 0.9985 0.0539
1628410569.418440342 -0.2710 -4.3142 -0.2763 0.0027 0.0013 0.9982 0.0606
1628410569.468539953 -0.3105 -4.3112 -0.2763 0.0026 0.0011 0.9977 0.0673
1628410569.518639803 -0.3500 -4.3082 -0.2764 0.0024 0.0009 0.9973 0.0740
1628410569.568739414 -0.3896 -4.3052 -0.2764 0.0023 0.0008 0.9967 0.0807
1628410569.618839025 -0.4291 -4.3022 -0.2764 0.0021 0.0006 0.9962 0.0874
1628410569.668938875 -0.4686 -4.2991 -0.2764 0.0020 0.0004 0.9956 0.0941
1628410569.719038486 -0.5081 -4.2961 -0.2765 0.0018 0.0002 0.9949 0.1008
1628410569.769138336 -0.5477 -4.2931 -0.2765 0.0017 0.0000 0.9942 0.1075
1628410569.819237947 -0.5872 -4.2901 -0.2765 0.0015 -0.0002 0.9935 0.1142
1628410569.869337559 -0.6267 -4.2871 -0.2765 0.0014 -0.0003 0.9927 0.1209
1628410569.919437408 -0.6663 -4.2841 -0.2766 0.0012 -0.0005 0.9918 0.1276
1628410569.969537020 -0.7058 -4.2811 -0.2766 0.0011 -0.0007 0.9909 0.1342
1628410570.019636631 -0.7453 -4.2781 -0.2766 0.0010 -0.0009 0.9900 0.1409
1628410570.069736481 -0.7848 -4.2750 -0.2766 0.0008 -0.0011 0.9891 0.1475
1628410570.119836092 -0.8244 -4.2720 -0.2767 0.0007 -0.0013 0.9880 0.1542
1628410570.169935703 -0.8639 -4.2690 -0.2767 0.0005 -0.0014 0.9870 0.1608
1628410570.220035553 -0.9034 -4.2660 -0.2767 0.0004 -0.0016 0.9859 0.1674
1628410570.270135164 -0.9430 -4.2630 -0.2767 0.0002 -0.0018 0.9847 0.1740
1628410570.320307493 -0.9687 -4.2379 -0.2766 0.0002 -0.0018 0.9827 0.1850
1628410570.370479584 -0.9944 -4.2128 -0.2765 0.0003 -0.0019 0.9806 0.1960
1628410570.420651913 -1.0202 -4.1876 -0.2764 0.0003 -0.0019 0.9784 0.2069
1628410570.470824242 -1.0459 -4.1625 -0.2763 0.0003 -0.0020 0.9760 0.2179
1628410570.520996571 -1.0717 -4.1374 -0.2762 0.0003 -0.0020 0.9735 0.2288
1628410570.571168900 -1.0974 -4.1123 -0.2761 0.0003 -0.0020 0.9708 0.2398
1628410570.621340990 -1.1232 -4.0872 -0.2760 0.0003 -0.0021 0.9681 0.2507
1628410570.671513319 -1.1489 -4.0621 -0.2759 0.0003 -0.0021 0.9652 0.2616
1628410570.721685648 -1.1746 -4.0370 -0.2758 0.0004 -0.0021 0.9622 0.2725
1628410570.771857738 -1.2004 -4.0118 -0.2757 0.0004 -0.0022 0.9590 0.2833
1628410570.822030067 -1.2261 -3.9867 -0.2755 0.0004 -0.0022 0.9558 0.2941
1628410570.872202396 -1.2519 -3.9616 -0.2754 0.0004 -0.0023 0.9524 0.3048
1628410570.922374725 -1.2776 -3.9365 -0.2753 0.0004 -0.0023 0.9489 0.3156
1628410570.972547054 -1.3033 -3.9114 -0.2752 0.0004 -0.0023 0.9453 0.3262
1628410571.022719145 -1.3291 -3.8863 -0.2751 0.0004 -0.0024 0.9416 0.3368
1628410571.072891474 -1.3548 -3.8612 -0.2750 0.0005 -0.0024 0.9377 0.3474
1628410571.123063803 -1.3806 -3.8360 -0.2749 0.0005 -0.0024 0.9338 0.3579
1628410571.173235893 -1.4063 -3.8109 -0.2748 0.0005 -0.0025 0.9297 0.3683
1628410571.223408222 -1.4321 -3.7858 -0.2747 0.0005 -0.0025 0.9255 0.3787
1628410571.273580551 -1.4578 -3.7607 -0.2746 0.0005 -0.0025 0.9212 0.3890
1628410571.323605299 -1.4807 -3.7229 -0.2744 0.0004 -0.0027 0.9165 0.4001
1628410571.373630047 -1.5036 -3.6851 -0.2743 0.0004 -0.0028 0.9116 0.4112
1628410571.423654795 -1.5265 -3.6474 -0.2742 0.0003 -0.0030 0.9065 0.4222
1628410571.473679543 -1.5494 -3.6096 -0.2741 0.0002 -0.0031 0.9013 0.4332
1628410571.523704290 -1.5723 -3.5718 -0.2740 0.0001 -0.0032 0.8959 0.4441
1628410571.573729038 -1.5952 -3.5340 -0.2738 0.0001 -0.0034 0.8905 0.4550
1628410571.623753786 -1.6181 -3.4962 -0.2737 -0.0000 -0.0035 0.8848 0.4659
1628410571.673778534 -1.6411 -3.4585 -0.2736 -0.0001 -0.0036 0.8791 0.4767
1628410571.723803282 -1.6640 -3.4207 -0.2735 -0.0002 -0.0038 0.8732 0.4874
1628410571.773828030 -1.6869 -3.3829 -0.2734 -0.0002 -0.0039 0.8671 0.4981
1628410571.823853016 -1.7098 -3.3451 -0.2733 -0.0003 -0.0040 0.8610 0.5086
1628410571.873877764 -1.7327 -3.3074 -0.2731 -0.0004 -0.0042 0.8547 0.5191
1628410571.923902512 -1.7556 -3.2696 -0.2730 -0.0005 -0.0043 0.8483 0.5295
1628410571.973927259 -1.7785 -3.2318 -0.2729 -0.0005 -0.0044 0.8417 0.5399
1628410572.023952007 -1.8014 -3.1940 -0.2728 -0.0006 -0.0046 0.8351 0.5501
1628410572.073976755 -1.8243 -3.1562 -0.2727 -0.0007 -0.0047 0.8283 0.5602
1628410572.124001503 -1.8472 -3.1185 -0.2725 -0.0008 -0.0048 0.8214 0.5703
1628410572.174026251 -1.8701 -3.0807 -0.2724 -0.0008 -0.0049 0.8145 0.5802
1628410572.224050999 -1.8930 -3.0429 -0.2723 -0.0009 -0.0051 0.8074 0.5900
1628410572.274075747 -1.9159 -3.0051 -0.2722 -0.0010 -0.0052 0.8002 0.5997
1628410572.324187279 -1.9108 -2.9590 -0.2720 -0.0012 -0.0051 0.7918 0.6107
1628410572.374298811 -1.9057 -2.9130 -0.2718 -0.0015 -0.0051 0.7833 0.6216
1628410572.424410105 -1.9006 -2.8669 -0.2716 -0.0017 -0.0050 0.7746 0.6324
1628410572.474521637 -1.8955 -2.8208 -0.2714 -0.0019 -0.0050 0.7657 0.6431
1628410572.524633169 -1.8905 -2.7747 -0.2712 -0.0022 -0.0049 0.7567 0.6538
1628410572.574744701 -1.8854 -2.7286 -0.2710 -0.0024 -0.0048 0.7475 0.6643
1628410572.624856234 -1.8803 -2.6825 -0.2708 -0.0027 -0.0048 0.7381 0.6747
1628410572.674967527 -1.8752 -2.6365 -0.2706 -0.0029 -0.0047 0.7286 0.6850
1628410572.725079060 -1.8701 -2.5904 -0.2704 -0.0031 -0.0046 0.7189 0.6951
1628410572.775190592 -1.8650 -2.5443 -0.2702 -0.0034 -0.0046 0.7091 0.7051
1628410572.825302124 -1.8599 -2.4982 -0.2700 -0.0036 -0.0045 0.6991 0.7150
1628410572.875413656 -1.8548 -2.4521 -0.2698 -0.0039 -0.0044 0.6890 0.7247
1628410572.925524950 -1.8497 -2.4060 -0.2696 -0.0041 -0.0044 0.6788 0.7343
1628410572.975636482 -1.8446 -2.3600 -0.2694 -0.0043 -0.0043 0.6684 0.7438
1628410573.025748014 -1.8395 -2.3139 -0.2692 -0.0046 -0.0042 0.6580 0.7530
1628410573.075859547 -1.8344 -2.2678 -0.2690 -0.0048 -0.0042 0.6474 0.7621
1628410573.125971079 -1.8293 -2.2217 -0.2688 -0.0050 -0.0041 0.6367 0.7711
1628410573.176082373 -1.8242 -2.1756 -0.2686 -0.0053 -0.0040 0.6260 0.7798
1628410573.226193905 -1.8191 -2.1295 -0.2684 -0.0055 -0.0040 0.6151 0.7884
1628410573.276305437 -1.8140 -2.0835 -0.2682 -0.0057 -0.0039 0.6042 0.7968
1628410573.326391935 -1.7921 -2.0455 -0.2692 -0.0055 -0.0037 0.6034 0.7974
1628410573.376478434 -1.7702 -2.0076 -0.2702 -0.0052 -0.0035 0.6026 0.7980
1628410573.426564932 -1.7483 -1.9697 -0.2712 -0.0049 -0.0034 0.6019 0.7986
1628410573.476651430 -1.7263 -1.9318 -0.2722 -0.0047 -0.0032 0.6011 0.7992
1628410573.526737690 -1.7044 -1.8938 -0.2732 -0.0044 -0.0031 0.6003 0.7997
1628410573.576824188 -1.6825 -1.8559 -0.2741 -0.0042 -0.0029 0.5996 0.8003
1628410573.626910686 -1.6606 -1.8180 -0.2751 -0.0039 -0.0027 0.5988 0.8009
1628410573.676997185 -1.6387 -1.7801 -0.2761 -0.0037 -0.0026 0.5980 0.8015
1628410573.727083683 -1.6168 -1.7421 -0.2771 -0.0034 -0.0024 0.5973 0.8020
1628410573.777170181 -1.5948 -1.7042 -0.2781 -0.0032 -0.0022 0.5965 0.8026
1628410573.827256680 -1.5729 -1.6663 -0.2791 -0.0029 -0.0021 0.5957 0.8032
1628410573.877343178 -1.5510 -1.6284 -0.2801 -0.0026 -0.0019 0.5949 0.8038
1628410573.927429676 -1.5291 -1.5904 -0.2810 -0.0024 -0.0017 0.5942 0.8043
1628410573.977516174 -1.5072 -1.5525 -0.2820 -0.0021 -0.0016 0.5934 0.8049
1628410574.027602673 -1.4852 -1.5146 -0.2830 -0.0019 -0.0014 0.5926 0.8055
1628410574.077688932 -1.4633 -1.4767 -0.2840 -0.0016 -0.0012 0.5918 0.8061
1628410574.127775431 -1.4414 -1.4387 -0.2850 -0.0014 -0.0011 0.5911 0.8066
1628410574.177861929 -1.4195 -1.4008 -0.2860 -0.0011 -0.0009 0.5903 0.8072
1628410574.227948427 -1.3976 -1.3629 -0.2870 -0.0008 -0.0007 0.5895 0.8078
1628410574.278034925 -1.3756 -1.3250 -0.2880 -0.0006 -0.0006 0.5887 0.8083
1628410574.328201532 -1.3795 -1.2772 -0.2874 -0.0004 -0.0004 0.5999 0.8001
1628410574.378368139 -1.3833 -1.2294 -0.2869 -0.0003 -0.0003 0.6109 0.7917
1628410574.428534746 -1.3872 -1.1817 -0.2864 -0.0001 -0.0001 0.6219 0.7831
1628410574.478701591 -1.3910 -1.1339 -0.2859 0.0001 0.0001 0.6328 0.7743
1628410574.528868198 -1.3949 -1.0861 -0.2853 0.0002 0.0002 0.6436 0.7653
1628410574.579034805 -1.3987 -1.0383 -0.2848 0.0004 0.0004 0.6543 0.7562
1628410574.629201412 -1.4026 -0.9906 -0.2843 0.0006 0.0005 0.6649 0.7469
1628410574.679368019 -1.4065 -0.9428 -0.2838 0.0007 0.0007 0.6753 0.7375
1628410574.729534626 -1.4103 -0.8950 -0.2832 0.0009 0.0009 0.6857 0.7279
1628410574.779701233 -1.4142 -0.8472 -0.2827 0.0011 0.0010 0.6959 0.7182
1628410574.829868078 -1.4180 -0.7995 -0.2822 0.0012 0.0012 0.7059 0.7083
1628410574.880034685 -1.4219 -0.7517 -0.2817 0.0014 0.0013 0.7159 0.6982
1628410574.930201292 -1.4257 -0.7039 -0.2811 0.0016 0.0015 0.7256 0.6881
1628410574.980367899 -1.4296 -0.6561 -0.2806 0.0017 0.0016 0.7352 0.6778
1628410575.030534506 -1.4334 -0.6084 -0.2801 0.0019 0.0018 0.7447 0.6674
1628410575.080701113 -1.4373 -0.5606 -0.2796 0.0021 0.0020 0.7540 0.6569
1628410575.130867958 -1.4411 -0.5128 -0.2790 0.0022 0.0021 0.7631 0.6463
1628410575.181034565 -1.4450 -0.4650 -0.2785 0.0024 0.0023 0.7720 0.6356
1628410575.231201172 -1.4488 -0.4173 -0.2780 0.0026 0.0024 0.7808 0.6248
1628410575.281367779 -1.4527 -0.3695 -0.2775 0.0027 0.0026 0.7894 0.6139
1628410575.331398964 -1.4895 -0.3302 -0.2778 0.0027 0.0028 0.8000 0.6000
1628410575.381429911 -1.5263 -0.2909 -0.2781 0.0026 0.0029 0.8104 0.5859
1628410575.431461096 -1.5631 -0.2517 -0.2784 0.0026 0.0031 0.8206 0.5715
1628410575.481492281 -1.5999 -0.2124 -0.2788 0.0025 0.0033 0.8305 0.5569
1628410575.531523228 -1.6367 -0.1731 -0.2791 0.0025 0.0035 0.8403 0.5421
1628410575.581554413 -1.6736 -0.1338 -0.2794 0.0025 0.0037 0.8498 0.5270
1628410575.631585598 -1.7104 -0.0945 -0.2797 0.0024 0.0039 0.8591 0.5117
1628410575.681616783 -1.7472 -0.0552 -0.2800 0.0024 0.0040 0.8682 0.4963
1628410575.731647730 -1.7840 -0.0160 -0.2804 0.0023 0.0042 0.8769 0.4806
1628410575.781678915 -1.8208 0.0233 -0.2807 0.0023 0.0044 0.8854 0.4648
1628410575.831710100 -1.8576 0.0626 -0.2810 0.0022 0.0046 0.8936 0.4489
1628410575.881741047 -1.8944 0.1019 -0.2813 0.0022 0.0047 0.9015 0.4328
1628410575.931772232 -1.9312 0.1412 -0.2816 0.0021 0.0049 0.9091 0.4166
1628410575.981803417 -1.9681 0.1804 -0.2819 0.0020 0.0051 0.9164 0.4002
1628410576.031834602 -2.0049 0.2197 -0.2823 0.0020 0.0053 0.9234 0.3838
1628410576.081865549 -2.0417 0.2590 -0.2826 0.0019 0.0054 0.9301 0.3674
1628410576.131896734 -2.0785 0.2983 -0.2829 0.0019 0.0056 0.9364 0.3508
1628410576.181927919 -2.1153 0.3376 -0.2832 0.0018 0.0058 0.9425 0.3343
1628410576.231958866 -2.1521 0.3768 -0.2835 0.0018 0.0059 0.9482 0.3177
1628410576.281990051 -2.1889 0.4161 -0.2839 0.0017 0.0061 0.9536 0.3011
1628410576.332087755 -2.2451 0.4181 -0.2843 0.0016 0.0059 0.9580 0.2868
1628410576.382185459 -2.3013 0.4201 -0.2847 0.0014 0.0057 0.9622 0.2723
1628410576.432282925 -2.3576 0.4221 -0.2852 0.0013 0.0056 0.9662 0.2577
1628410576.482380629 -2.4138 0.4241 -0.2856 0.0011 0.0054 0.9700 0.2430
1628410576.532478333 -2.4700 0.4261 -0.2861 0.0010 0.0052 0.9736 0.2282
1628410576.582576036 -2.5262 0.4281 -0.2865 0.0008 0.0050 0.9770 0.2134
1628410576.632673740 -2.5824 0.4301 -0.2869 0.0007 0.0048 0.9801 0.1984
1628410576.682771206 -2.6386 0.4321 -0.2874 0.0005 0.0047 0.9830 0.1834
1628410576.732868910 -2.6948 0.4341 -0.2878 0.0004 0.0045 0.9857 0.1683
1628410576.782966614 -2.7510 0.4361 -0.2883 0.0002 0.0043 0.9882 0.1532
1628410576.833064318 -2.8072 0.4381 -0.2887 0.0000 0.0041 0.9904 0.1380
1628410576.883162022 -2.8634 0.4401 -0.2891 -0.0001 0.0039 0.9924 0.1228
1628410576.933259487 -2.9196 0.4421 -0.2896 -0.0003 0.0037 0.9942 0.1076
1628410576.983357191 -2.9758 0.4441 -0.2900 -0.0004 0.0035 0.9957 0.0924
1628410577.033454895 -3.0320 0.4461 -0.2904 -0.0006 0.0034 0.9970 0.0772
1628410577.083552599 -3.0883 0.4481 -0.2909 -0.0007 0.0032 0.9981 0.0621
1628410577.133650303 -3.1445 0.4501 -0.2913 -0.0009 0.0030 0.9989 0.0469
1628410577.183747768 -3.2007 0.4520 -0.2918 -0.0010 0.0028 0.9995 0.0318
1628410577.233845472 -3.2569 0.4540 -0.2922 -0.0012 0.0026 0.9999 0.0167
1628410577.283943176 -3.3131 0.4560 -0.2926 -0.0013 0.0024 1.0000 0.0017
1628410577.334055901 -3.3740 0.4714 -0.2918 -0.0013 0.0018 0.9999 0.0157
1628410577.384168625 -3.4349 0.4868 -0.2909 -0.0013 0.0013 0.9996 0.0297
1628410577.434281349 -3.4957 0.5022 -0.2900 -0.0013 0.0007 0.9990 0.0438
1628410577.484394073 -3.5566 0.5175 -0.2891 -0.0012 0.0001 0.9983 0.0579
1628410577.534506798 -3.6175 0.5329 -0.2883 -0.0012 -0.0005 0.9974 0.0720
1628410577.584619522 -3.6784 0.5483 -0.2874 -0.0012 -0.0010 0.9963 0.0861
1628410577.634732246 -3.7393 0.5637 -0.2865 -0.0012 -0.0016 0.9950 0.1003
1628410577.684844971 -3.8002 0.5790 -0.2857 -0.0012 -0.0022 0.9934 0.1144
1628410577.734957695 -3.8611 0.5944 -0.2848 -0.0011 -0.0028 0.9917 0.1285
1628410577.785070419 -3.9219 0.6098 -0.2839 -0.0011 -0.0034 0.9898 0.1426
1628410577.835182905 -3.9828 0.6252 -0.2830 -0.0011 -0.0039 0.9876 0.1567
1628410577.885295630 -4.0437 0.6405 -0.2822 -0.0011 -0.0045 0.9853 0.1707
1628410577.935408354 -4.1046 0.6559 -0.2813 -0.0010 -0.0051 0.9828 0.1847
1628410577.985521078 -4.1655 0.6713 -0.2804 -0.0010 -0.0057 0.9801 0.1986
1628410578.035633802 -4.2264 0.6867 -0.2795 -0.0010 -0.0062 0.9771 0.2125
1628410578.085746527 -4.2873 0.7020 -0.2787 -0.0010 -0.0068 0.9740 0.2263
1628410578.135859251 -4.3481 0.7174 -0.2778 -0.0009 -0.0074 0.9707 0.2400
1628410578.185971975 -4.4090 0.7328 -0.2769 -0.0009 -0.0079 0.9673 0.2537
1628410578.236084700 -4.4699 0.7482 -0.2761 -0.0009 -0.0085 0.9636 0.2672
1628410578.286197424 -4.5308 0.7635 -0.2752 -0.0009 -0.0091 0.9598 0.2806
1628410578.336291552 -4.5582 0.8199 -0.2750 -0.0010 -0.0091 0.9548 0.2971
1628410578.386385679 -4.5856 0.8763 -0.2749 -0.0011 -0.0091 0.9495 0.3136
1628410578.436479568 -4.6129 0.9327 -0.2748 -0.0011 -0.0092 0.9439 0.3301
1628410578.486573696 -4.6403 0.9891 -0.2746 -0.0012 -0.0092 0.9380 0.3465
1628410578.536667824 -4.6677 1.0454 -0.2745 -0.0013 -0.0092 0.9318 0.3629
1628410578.586761951 -4.6951 1.1018 -0.2743 -0.0014 -0.0093 0.9252 0.3793
1628410578.636856079 -4.7225 1.1582 -0.2742 -0.0015 -0.0093 0.9184 0.3955
1628410578.686949968 -4.7499 1.2146 -0.2740 -0.0016 -0.0093 0.9113 0.4117
1628410578.737044096 -4.7772 1.2709 -0.2739 -0.0017 -0.0093 0.9038 0.4278
1628410578.787138224 -4.8046 1.3273 -0.2738 -0.0018 -0.0093 0.8961 0.4437
1628410578.837232351 -4.8320 1.3837 -0.2736 -0.0019 -0.0094 0.8881 0.4595
1628410578.887326479 -4.8594 1.4401 -0.2735 -0.0020 -0.0094 0.8799 0.4751
1628410578.937420368 -4.8868 1.4964 -0.2733 -0.0021 -0.0094 0.8713 0.4906
1628410578.987514496 -4.9141 1.5528 -0.2732 -0.0022 -0.0094 0.8625 0.5059
1628410579.037608624 -4.9415 1.6092 -0.2731 -0.0022 -0.0094 0.8535 0.5210
1628410579.087702751 -4.9689 1.6656 -0.2729 -0.0023 -0.0094 0.8442 0.5359
1628410579.137796879 -4.9963 1.7219 -0.2728 -0.0024 -0.0094 0.8347 0.5506
1628410579.187890768 -5.0237 1.7783 -0.2726 -0.0025 -0.0094 0.8250 0.5650
1628410579.237984896 -5.0511 1.8347 -0.2725 -0.0026 -0.0094 0.8151 0.5792
1628410579.288079023 -5.0784 1.8911 -0.2723 -0.0027 -0.0094 0.8050 0.5932
1628410579.338273048 -5.0727 1.9397 -0.2728 -0.0030 -0.0094 0.7950 0.6066
1628410579.388466835 -5.0669 1.9883 -0.2732 -0.0033 -0.0094 0.7846 0.6199
1628410579.438660860 -5.0611 2.0369 -0.2736 -0.0036 -0.0094 0.7740 0.6331
1628410579.488854647 -5.0553 2.0855 -0.2741 -0.0039 -0.0094 0.7631 0.6462
1628410579.539048672 -5.0495 2.1341 -0.2745 -0.0042 -0.0094 0.7520 0.6591
1628410579.589242458 -5.0438 2.1827 -0.2749 -0.0045 -0.0094 0.7406 0.6719
1628410579.639436483 -5.0380 2.2313 -0.2754 -0.0048 -0.0094 0.7289 0.6845
1628410579.689630270 -5.0322 2.2799 -0.2758 -0.0051 -0.0094 0.7171 0.6969
1628410579.739824295 -5.0264 2.3285 -0.2762 -0.0054 -0.0094 0.7050 0.7092
1628410579.790018082 -5.0206 2.3771 -0.2766 -0.0057 -0.0094 0.6926 0.7212
1628410579.840212107 -5.0149 2.4256 -0.2771 -0.0060 -0.0094 0.6801 0.7330
1628410579.890406132 -5.0091 2.4742 -0.2775 -0.0063 -0.0094 0.6674 0.7446
1628410579.940599918 -5.0033 2.5228 -0.2779 -0.0066 -0.0094 0.6545 0.7560
1628410579.990793943 -4.9975 2.5714 -0.2784 -0.0069 -0.0094 0.6414 0.7671
1628410580.040987730 -4.9918 2.6200 -0.2788 -0.0072 -0.0094 0.6282 0.7780
1628410580.091181755 -4.9860 2.6686 -0.2792 -0.0074 -0.0094 0.6148 0.7886
1628410580.141375542 -4.9802 2.7172 -0.2797 -0.0077 -0.0093 0.6013 0.7989
1628410580.191569567 -4.9744 2.7658 -0.2801 -0.0080 -0.0093 0.5877 0.8090
1628410580.241763353 -4.9686 2.8144 -0.2805 -0.0083 -0.0093 0.5740 0.8188
1628410580.291957378 -4.9629 2.8630 -0.2809 -0.0086 -0.0092 0.5601 0.8283
1628410580.344582796 -4.9174 2.9015 -0.2807 -0.0086 -0.0092 0.5446 0.8386
1628410580.397208214 -4.8720 2.9400 -0.2805 -0.0085 -0.0091 0.5287 0.8487
1628410580.449833632 -4.8265 2.9784 -0.2803 -0.0085 -0.0091 0.5126 0.8585
1628410580.502459049 -4.7811 3.0169 -0.2801 -0.0085 -0.0090 0.4962 0.8681
1628410580.555084467 -4.7357 3.0554 -0.2799 -0.0085 -0.0090 0.4796 0.8774
1628410580.607709885 -4.6902 3.0938 -0.2797 -0.0085 -0.0089 0.4627 0.8864
1628410580.660335302 -4.6448 3.1323 -0.2794 -0.0085 -0.0088 0.4457 0.8951
1628410580.712960720 -4.5994 3.1708 -0.2792 -0.0084 -0.0088 0.4284 0.9035
1628410580.765586138 -4.5539 3.2092 -0.2790 -0.0084 -0.0087 0.4109 0.9116
1628410580.818211555 -4.5085 3.2477 -0.2788 -0.0084 -0.0086 0.3933 0.9193
1628410580.870836973 -4.4631 3.2862 -0.2786 -0.0083 -0.0085 0.3756 0.9267
1628410580.923462391 -4.4176 3.3247 -0.2784 -0.0083 -0.0084 0.3577 0.9338
1628410580.976087809 -4.3722 3.3631 -0.2781 -0.0083 -0.0084 0.3398 0.9404
1628410581.028713226 -4.3267 3.4016 -0.2779 -0.0082 -0.0083 0.3217 0.9468
1628410581.081338644 -4.2813 3.4401 -0.2777 -0.0082 -0.0082 0.3036 0.9527
1628410581.133964062 -4.2359 3.4785 -0.2775 -0.0081 -0.0081 0.2855 0.9583
1628410581.186589479 -4.1904 3.5170 -0.2773 -0.0081 -0.0080 0.2673 0.9635
1628410581.239214897 -4.1450 3.5555 -0.2771 -0.0080 -0.0079 0.2492 0.9684
1628410581.291840315 -4.0996 3.5939 -0.2769 -0.0080 -0.0078 0.2311 0.9729
1628410581.341939688 -4.0424 3.5985 -0.2768 -0.0080 -0.0075 0.2138 0.9768
1628410581.392038822 -3.9853 3.6030 -0.2768 -0.0081 -0.0073 0.1963 0.9805
1628410581.442138195 -3.9282 3.6076 -0.2767 -0.0082 -0.0070 0.1787 0.9839
1628410581.492237329 -3.8711 3.6122 -0.2767 -0.0082 -0.0068 0.1609 0.9869
1628410581.542336702 -3.8139 3.6167 -0.2766 -0.0083 -0.0065 0.1430 0.9897
1628410581.592436075 -3.7568 3.6213 -0.2766 -0.0083 -0.0063 0.1250 0.9921
1628410581.642535210 -3.6997 3.6258 -0.2765 -0.0084 -0.0060 0.1069 0.9942
1628410581.692634583 -3.6426 3.6304 -0.2765 -0.0085 -0.0058 0.0887 0.9960
1628410581.742733717 -3.5854 3.6349 -0.2764 -0.0085 -0.0055 0.0705 0.9975
1628410581.792833090 -3.5283 3.6395 -0.2764 -0.0086 -0.0052 0.0523 0.9986
1628410581.842932463 -3.4712 3.6440 -0.2763 -0.0086 -0.0050 0.0340 0.9994
1628410581.893031597 -3.4141 3.6486 -0.2763 -0.0086 -0.0047 0.0157 0.9998
1628410581.943130970 -3.3569 3.6532 -0.2762 -0.0087 -0.0044 -0.0025 0.9999
1628410581.993230104 -3.2998 3.6577 -0.2762 -0.0087 -0.0041 -0.0207 0.9997
1628410582.043329477 -3.2427 3.6623 -0.2761 -0.0087 -0.0039 -0.0389 0.9992
1628410582.093428850 -3.1856 3.6668 -0.2761 -0.0088 -0.0036 -0.0570 0.9983
1628410582.143527985 -3.1284 3.6714 -0.2760 -0.0088 -0.0033 -0.0750 0.9971
1628410582.193627357 -3.0713 3.6759 -0.2760 -0.0088 -0.0031 -0.0929 0.9956
1628410582.243726492 -3.0142 3.6805 -0.2759 -0.0088 -0.0028 -0.1106 0.9938
1628410582.293825865 -2.9571 3.6850 -0.2759 -0.0089 -0.0025 -0.1283 0.9917
1628410582.343924761 -2.9200 3.6457 -0.2761 -0.0088 -0.0022 -0.1454 0.9893
1628410582.394023418 -2.8829 3.6064 -0.2763 -0.0087 -0.0019 -0.1627 0.9866
1628410582.444122314 -2.8458 3.5671 -0.2766 -0.0086 -0.0016 -0.1799 0.9836
1628410582.494220972 -2.8087 3.5278 -0.2768 -0.0086 -0.0012 -0.1972 0.9803
1628410582.544319868 -2.7716 3.4885 -0.2771 -0.0085 -0.0009 -0.2145 0.9767
1628410582.594418526 -2.7345 3.4492 -0.2773 -0.0084 -0.0006 -0.2318 0.9727
1628410582.644517422 -2.6974 3.4099 -0.2775 -0.0083 -0.0003 -0.2491 0.9685
1628410582.694616079 -2.6603 3.3706 -0.2778 -0.0082 0.0001 -0.2663 0.9639
1628410582.744714975 -2.6233 3.3313 -0.2780 -0.0081 0.0004 -0.2834 0.9590
1628410582.794813633 -2.5862 3.2920 -0.2783 -0.0080 0.0007 -0.3005 0.9538
1628410582.844912529 -2.5491 3.2527 -0.2785 -0.0079 0.0010 -0.3174 0.9482
1628410582.895011425 -2.5120 3.2134 -0.2787 -0.0078 0.0014 -0.3343 0.9424
1628410582.945110083 -2.4749 3.1741 -0.2790 -0.0077 0.0017 -0.3510 0.9363
1628410582.995208979 -2.4378 3.1348 -0.2792 -0.0076 0.0020 -0.3676 0.9299
1628410583.045307636 -2.4007 3.0955 -0.2795 -0.0075 0.0023 -0.3840 0.9233
1628410583.095406532 -2.3636 3.0562 -0.2797 -0.0074 0.0027 -0.4003 0.9164
1628410583.145505190 -2.3265 3.0169 -0.2799 -0.0073 0.0030 -0.4164 0.9092
1628410583.195604086 -2.2894 2.9776 -0.2802 -0.0072 0.0033 -0.4322 0.9017
1628410583.245702744 -2.2524 2.9383 -0.2804 -0.0071 0.0036 -0.4479 0.8941
1628410583.295801640 -2.2153 2.8990 -0.2807 -0.0069 0.0039 -0.4633 0.8861
1628410583.345901728 -2.1866 2.8555 -0.2804 -0.0062 0.0037 -0.4571 0.8894
1628410583.396001816 -2.1580 2.8121 -0.2802 -0.0054 0.0034 -0.4508 0.8926
1628410583.446101904 -2.1293 2.7686 -0.2800 -0.0046 0.0032 -0.4445 0.8958
1628410583.496201992 -2.1007 2.7252 -0.2798 -0.0039 0.0029 -0.4382 0.8989
1628410583.546302319 -2.0720 2.6817 -0.2795 -0.0031 0.0026 -0.4318 0.9020
1628410583.596402407 -2.0434 2.6382 -0.2793 -0.0023 0.0024 -0.4254 0.9050
1628410583.646502495 -2.0147 2.5948 -0.2791 -0.0015 0.0021 -0.4190 0.9080
1628410583.696602583 -1.9861 2.5513 -0.2789 -0.0008 0.0019 -0.4126 0.9109
1628410583.746702671 -1.9574 2.5079 -0.2787 -0.0000 0.0016 -0.4061 0.9138
1628410583.796802759 -1.9288 2.4644 -0.2784 0.0008 0.0014 -0.3997 0.9167
1628410583.846902847 -1.9001 2.4210 -0.2782 0.0015 0.0011 -0.3932 0.9195
1628410583.897002935 -1.8715 2.3775 -0.2780 0.0023 0.0009 -0.3866 0.9222
1628410583.947103024 -1.8428 2.3341 -0.2778 0.0031 0.0006 -0.3801 0.9249
1628410583.997203112 -1.8142 2.2906 -0.2775 0.0039 0.0003 -0.3736 0.9276
1628410584.047303200 -1.7855 2.2472 -0.2773 0.0046 0.0001 -0.3670 0.9302
1628410584.097403526 -1.7569 2.2037 -0.2771 0.0054 -0.0002 -0.3604 0.9328
1628410584.147503614 -1.7282 2.1603 -0.2769 0.0062 -0.0004 -0.3538 0.9353
1628410584.197603703 -1.6996 2.1168 -0.2766 0.0069 -0.0007 -0.3472 0.9378
1628410584.247703791 -1.6709 2.0733 -0.2764 0.0077 -0.0009 -0.3406 0.9402
1628410584.297803879 -1.6423 2.0299 -0.2762 0.0085 -0.0012 -0.3339 0.9426
1628410584.347919703 -1.5851 2.0150 -0.2764 0.0083 -0.0011 -0.3250 0.9457
1628410584.398035765 -1.5279 2.0002 -0.2767 0.0082 -0.0011 -0.3159 0.9488
1628410584.448151588 -1.4707 1.9853 -0.2769 0.0080 -0.0010 -0.3068 0.9517
1628410584.498267651 -1.4135 1.9705 -0.2772 0.0079 -0.0010 -0.2977 0.9546
1628410584.548383474 -1.3563 1.9556 -0.2774 0.0077 -0.0009 -0.2886 0.9574
1628410584.598499537 -1.2991 1.9408 -0.2776 0.0076 -0.0009 -0.2794 0.9602
1628410584.648615360 -1.2419 1.9259 -0.2779 0.0074 -0.0008 -0.2701 0.9628
1628410584.698731422 -1.1846 1.9111 -0.2781 0.0073 -0.0008 -0.2609 0.9653
1628410584.748847246 -1.1274 1.8962 -0.2784 0.0071 -0.0007 -0.2516 0.9678
1628410584.798963070 -1.0702 1.8814 -0.2786 0.0070 -0.0007 -0.2423 0.9702
1628410584.849079132 -1.0130 1.8665 -0.2789 0.0068 -0.0006 -0.2329 0.9725
1628410584.899194956 -0.9558 1.8516 -0.2791 0.0067 -0.0005 -0.2236 0.9747
1628410584.949311018 -0.8986 1.8368 -0.2793 0.0065 -0.0005 -0.2142 0.9768
1628410584.999426842 -0.8414 1.8219 -0.2796 0.0064 -0.0004 -0.2048 0.9788
1628410585.049542904 -0.7842 1.8071 -0.2798 0.0062 -0.0004 -0.1955 0.9807
1628410585.099658728 -0.7270 1.7922 -0.2801 0.0060 -0.0003 -0.1860 0.9825
1628410585.149774790 -0.6698 1.7774 -0.2803 0.0059 -0.0003 -0.1766 0.9843
1628410585.199890614 -0.6126 1.7625 -0.2805 0.0057 -0.0002 -0.1672 0.9859
1628410585.250006676 -0.5554 1.7477 -0.2808 0.0056 -0.0002 -0.1578 0.9875
1628410585.300122499 -0.4982 1.7328 -0.2810 0.0054 -0.0001 -0.1484 0.9889
1628410585.350202799 -0.4886 1.7261 -0.2812 0.0055 -0.0000 -0.1507 0.9886
1628410585.400283098 -0.4790 1.7194 -0.2813 0.0056 0.0001 -0.1530 0.9882
1628410585.450363398 -0.4694 1.7126 -0.2815 0.0056 0.0001 -0.1553 0.9878
1628410585.500443697 -0.4599 1.7059 -0.2816 0.0057 0.0002 -0.1577 0.9875
1628410585.550523996 -0.4503 1.6992 -0.2818 0.0058 0.0003 -0.1600 0.9871
1628410585.600604296 -0.4407 1.6925 -0.2819 0.0058 0.0004 -0.1623 0.9867
1628410585.650684595 -0.4311 1.6857 -0.2820 0.0059 0.0005 -0.1646 0.9863
1628410585.700764894 -0.4216 1.6790 -0.2822 0.0060 0.0006 -0.1669 0.9860
1628410585.750845194 -0.4120 1.6723 -0.2823 0.0061 0.0007 -0.1692 0.9856
1628410585.800925732 -0.4024 1.6656 -0.2825 0.0061 0.0008 -0.1715 0.9852
1628410585.851006031 -0.3928 1.6588 -0.2826 0.0062 0.0009 -0.1738 0.9848
1628410585.901086330 -0.3833 1.6521 -0.2828 0.0063 0.0010 -0.1762 0.9843
1628410585.951166630 -0.3737 1.6454 -0.2829 0.0064 0.0011 -0.1785 0.9839
1628410586.001246929 -0.3641 1.6387 -0.2831 0.0064 0.0011 -0.1808 0.9835
1628410586.051327229 -0.3545 1.6319 -0.2832 0.0065 0.0012 -0.1831 0.9831
1628410586.101407528 -0.3450 1.6252 -0.2834 0.0066 0.0013 -0.1854 0.9826
1628410586.151487827 -0.3354 1.6185 -0.2835 0.0066 0.0014 -0.1877 0.9822
1628410586.201568127 -0.3258 1.6118 -0.2837 0.0067 0.0015 -0.1900 0.9818
1628410586.251648426 -0.3162 1.6050 -0.2838 0.0068 0.0016 -0.1923 0.9813
1628410586.301728725 -0.3067 1.5983 -0.2839 0.0069 0.0017 -0.1946 0.9809
1628410586.351828098 -0.3299 1.6067 -0.2838 0.0068 0.0016 -0.1873 0.9823
1628410586.401927710 -0.3532 1.6150 -0.2836 0.0067 0.0015 -0.1801 0.9836
1628410586.452027321 -0.3764 1.6234 -0.2834 0.0066 0.0014 -0.1728 0.9849
1628410586.502126694 -0.3997 1.6317 -0.2832 0.0066 0.0013 -0.1655 0.9862
1628410586.552226067 -0.4229 1.6400 -0.2830 0.0065 0.0012 -0.1582 0.9874
1628410586.602325678 -0.4462 1.6484 -0.2829 0.0064 0.0011 -0.1509 0.9885
1628410586.652425289 -0.4695 1.6567 -0.2827 0.0064 0.0010 -0.1436 0.9896
1628410586.702524662 -0.4927 1.6651 -0.2825 0.0063 0.0008 -0.1362 0.9907
1628410586.752624035 -0.5160 1.6734 -0.2823 0.0062 0.0007 -0.1289 0.9916
1628410586.802723646 -0.5392 1.6818 -0.2822 0.0061 0.0006 -0.1215 0.9926
1628410586.852823257 -0.5625 1.6901 -0.2820 0.0061 0.0005 -0.1142 0.9934
1628410586.902922630 -0.5858 1.6985 -0.2818 0.0060 0.0004 -0.1068 0.9943
1628410586.953022003 -0.6090 1.7068 -0.2816 0.0059 0.0003 -0.0994 0.9950
1628410587.003121614 -0.6323 1.7152 -0.2814 0.0058 0.0002 -0.0921 0.9957
1628410587.053221226 -0.6555 1.7235 -0.2813 0.0058 0.0001 -0.0847 0.9964
1628410587.103320599 -0.6788 1.7319 -0.2811 0.0057 0.0000 -0.0773 0.9970
1628410587.153419971 -0.7020 1.7402 -0.2809 0.0056 -0.0001 -0.0699 0.9975
1628410587.203519583 -0.7253 1.7485 -0.2807 0.0055 -0.0002 -0.0626 0.9980
1628410587.253619194 -0.7486 1.7569 -0.2805 0.0055 -0.0003 -0.0552 0.9985
1628410587.303718567 -0.7718 1.7652 -0.2804 0.0054 -0.0004 -0.0478 0.9988
1628410587.353844166 -0.8065 1.7703 -0.2809 0.0051 -0.0004 -0.0351 0.9994
1628410587.403970003 -0.8412 1.7754 -0.2814 0.0047 -0.0005 -0.0223 0.9997
1628410587.454095602 -0.8759 1.7806 -0.2820 0.0044 -0.0005 -0.0095 0.9999
1628410587.504221201 -0.9106 1.7857 -0.2825 0.0041 -0.0005 0.0033 1.0000
1628410587.554347038 -0.9452 1.7908 -0.2831 0.0038 -0.0005 0.0162 0.9999
1628410587.604472637 -0.9799 1.7959 -0.2836 0.0034 -0.0006 0.0291 0.9996
1628410587.654598236 -1.0146 1.8010 -0.2842 0.0031 -0.0006 0.0420 0.9991
1628410587.704723835 -1.0493 1.8061 -0.2847 0.0028 -0.0006 0.0549 0.9985
1628410587.754849672 -1.0840 1.8112 -0.2852 0.0024 -0.0007 0.0678 0.9977
1628410587.804975271 -1.1187 1.8163 -0.2858 0.0021 -0.0007 0.0807 0.9967
1628410587.855100870 -1.1534 1.8214 -0.2863 0.0018 -0.0007 0.0936 0.9956
1628410587.905226707 -1.1881 1.8265 -0.2869 0.0014 -0.0007 0.1064 0.9943
1628410587.955352306 -1.2227 1.8316 -0.2874 0.0011 -0.0008 0.1193 0.9929
1628410588.005477905 -1.2574 1.8367 -0.2879 0.0008 -0.0008 0.1321 0.9912
1628410588.055603504 -1.2921 1.8418 -0.2885 0.0004 -0.0008 0.1448 0.9895
1628410588.105729342 -1.3268 1.8469 -0.2890 0.0001 -0.0008 0.1576 0.9875
1628410588.155854940 -1.3615 1.8520 -0.2896 -0.0002 -0.0009 0.1702 0.9854
1628410588.205980539 -1.3962 1.8571 -0.2901 -0.0006 -0.0009 0.1828 0.9831
1628410588.256106377 -1.4309 1.8622 -0.2907 -0.0009 -0.0009 0.1954 0.9807
1628410588.306231976 -1.4655 1.8673 -0.2912 -0.0012 -0.0009 0.2079 0.9782
1628410588.356303453 -1.5114 1.8397 -0.2915 -0.0016 -0.0013 0.2263 0.9741
1628410588.406374931 -1.5573 1.8120 -0.2918 -0.0020 -0.0016 0.2448 0.9696
1628410588.456446409 -1.6031 1.7843 -0.2921 -0.0023 -0.0020 0.2633 0.9647
1628410588.506518126 -1.6490 1.7566 -0.2924 -0.0027 -0.0023 0.2818 0.9595
1628410588.556589603 -1.6949 1.7289 -0.2928 -0.0031 -0.0027 0.3002 0.9539
1628410588.606661081 -1.7407 1.7012 -0.2931 -0.0035 -0.0030 0.3187 0.9479
1628410588.656732559 -1.7866 1.6735 -0.2934 -0.0039 -0.0034 0.3370 0.9415
1628410588.706804037 -1.8324 1.6458 -0.2937 -0.0042 -0.0037 0.3553 0.9347
1628410588.756875515 -1.8783 1.6182 -0.2940 -0.0046 -0.0041 0.3735 0.9276
1628410588.806947231 -1.9242 1.5905 -0.2943 -0.0050 -0.0044 0.3915 0.9201
1628410588.857018709 -1.9700 1.5628 -0.2946 -0.0054 -0.0048 0.4094 0.9123
1628410588.907090187 -2.0159 1.5351 -0.2949 -0.0057 -0.0051 0.4271 0.9042
1628410588.957161665 -2.0617 1.5074 -0.2952 -0.0061 -0.0055 0.4447 0.8957
1628410589.007233143 -2.1076 1.4797 -0.2955 -0.0065 -0.0058 0.4620 0.8868
1628410589.057304621 -2.1535 1.4520 -0.2959 -0.0068 -0.0062 0.4791 0.8777
1628410589.107376099 -2.1993 1.4244 -0.2962 -0.0072 -0.0065 0.4959 0.8683
1628410589.157447815 -2.2452 1.3967 -0.2965 -0.0076 -0.0068 0.5125 0.8586
1628410589.207519293 -2.2911 1.3690 -0.2968 -0.0079 -0.0072 0.5289 0.8486
1628410589.257590771 -2.3369 1.3413 -0.2971 -0.0083 -0.0075 0.5449 0.8384
1628410589.307662249 -2.3828 1.3136 -0.2974 -0.0086 -0.0078 0.5606 0.8280
1628410589.357761860 -2.4030 1.2497 -0.2975 -0.0080 -0.0078 0.5694 0.8220
1628410589.407861471 -2.4232 1.1859 -0.2977 -0.0074 -0.0079 0.5782 0.8158
1628410589.457961082 -2.4434 1.1220 -0.2978 -0.0068 -0.0079 0.5869 0.8096
1628410589.508060694 -2.4637 1.0581 -0.2979 -0.0062 -0.0080 0.5956 0.8032
1628410589.558160305 -2.4839 0.9942 -0.2980 -0.0056 -0.0080 0.6042 0.7968
1628410589.608260155 -2.5041 0.9304 -0.2981 -0.0050 -0.0081 0.6128 0.7902
1628410589.658359766 -2.5243 0.8665 -0.2983 -0.0044 -0.0081 0.6213 0.7836
1628410589.708459377 -2.5446 0.8026 -0.2984 -0.0038 -0.0082 0.6297 0.7768
1628410589.758558989 -2.5648 0.7388 -0.2985 -0.0032 -0.0082 0.6380 0.7700
1628410589.808658600 -2.5850 0.6749 -0.2986 -0.0026 -0.0083 0.6463 0.7630
1628410589.858758211 -2.6052 0.6110 -0.2987 -0.0020 -0.0083 0.6545 0.7560
1628410589.908857822 -2.6255 0.5471 -0.2989 -0.0014 -0.0084 0.6626 0.7489
1628410589.958957434 -2.6457 0.4833 -0.2990 -0.0008 -0.0084 0.6707 0.7417
1628410590.009057045 -2.6659 0.4194 -0.2991 -0.0002 -0.0084 0.6786 0.7344
1628410590.059156895 -2.6861 0.3555 -0.2992 0.0004 -0.0085 0.6865 0.7271
1628410590.109256506 -2.7064 0.2916 -0.2994 0.0010 -0.0085 0.6943 0.7196
1628410590.159356117 -2.7266 0.2278 -0.2995 0.0017 -0.0086 0.7020 0.7121
1628410590.209455729 -2.7468 0.1639 -0.2996 0.0023 -0.0086 0.7096 0.7046
1628410590.259555340 -2.7670 0.1000 -0.2997 0.0029 -0.0086 0.7171 0.6969
1628410590.309654951 -2.7873 0.0362 -0.2998 0.0035 -0.0087 0.7245 0.6892
1628410590.359757900 -2.7892 0.0402 -0.2999 0.0037 -0.0085 0.7266 0.6870
1628410590.409860849 -2.7911 0.0442 -0.3000 0.0040 -0.0084 0.7287 0.6848
1628410590.459963799 -2.7930 0.0482 -0.3001 0.0043 -0.0082 0.7308 0.6826
1628410590.510066509 -2.7949 0.0522 -0.3001 0.0046 -0.0081 0.7328 0.6804
1628410590.560169458 -2.7968 0.0562 -0.3002 0.0049 -0.0079 0.7349 0.6781
1628410590.610272408 -2.7987 0.0602 -0.3003 0.0052 -0.0078 0.7370 0.6759
1628410590.660375357 -2.8006 0.0642 -0.3004 0.0054 -0.0076 0.7390 0.6736
1628410590.710478306 -2.8025 0.0682 -0.3004 0.0057 -0.0075 0.7411 0.6714
1628410590.760581255 -2.8044 0.0722 -0.3005 0.0060 -0.0074 0.7431 0.6691
1628410590.810684204 -2.8063 0.0762 -0.3006 0.0063 -0.0072 0.7451 0.6668
1628410590.860786915 -2.8082 0.0803 -0.3007 0.0066 -0.0071 0.7472 0.6646
1628410590.910889864 -2.8101 0.0843 -0.3007 0.0069 -0.0069 0.7492 0.6623
1628410590.960992813 -2.8120 0.0883 -0.3008 0.0072 -0.0068 0.7512 0.6600
1628410591.011095762 -2.8139 0.0923 -0.3009 0.0074 -0.0066 0.7532 0.6577
1628410591.061198711 -2.8158 0.0963 -0.3010 0.0077 -0.0065 0.7552 0.6554
1628410591.111301661 -2.8177 0.1003 -0.3010 0.0080 -0.0063 0.7572 0.6531
1628410591.161404371 -2.8196 0.1043 -0.3011 0.0083 -0.0062 0.7592 0.6508
1628410591.211507320 -2.8215 0.1083 -0.3012 0.0086 -0.0060 0.7611 0.6485
1628410591.261610270 -2.8234 0.1123 -0.3013 0.0089 -0.0059 0.7631 0.6462
1628410591.311713219 -2.8253 0.1163 -0.3013 0.0091 -0.0057 0.7651 0.6439
1628410591.361806154 -2.8470 0.1704 -0.3014 0.0090 -0.0051 0.7756 0.6311
1628410591.411899090 -2.8686 0.2244 -0.3014 0.0088 -0.0045 0.7860 0.6182
1628410591.461992264 -2.8903 0.2784 -0.3014 0.0087 -0.0039 0.7961 0.6050
1628410591.512085199 -2.9120 0.3325 -0.3015 0.0085 -0.0033 0.8062 0.5916
1628410591.562178135 -2.9336 0.3865 -0.3015 0.0084 -0.0027 0.8160 0.5780
1628410591.612271309 -2.9553 0.4406 -0.3015 0.0082 -0.0021 0.8256 0.5642
1628410591.662364244 -2.9769 0.4946 -0.3016 0.0081 -0.0015 0.8350 0.5502
1628410591.712457180 -2.9986 0.5486 -0.3016 0.0079 -0.0009 0.8442 0.5360
1628410591.762550116 -3.0203 0.6027 -0.3016 0.0077 -0.0003 0.8531 0.5217
1628410591.812643051 -3.0419 0.6567 -0.3017 0.0076 0.0003 0.8618 0.5072
1628410591.862736225 -3.0636 0.7107 -0.3017 0.0074 0.0010 0.8703 0.4925
1628410591.912829161 -3.0852 0.7648 -0.3017 0.0072 0.0016 0.8785 0.4777
1628410591.962922096 -3.1069 0.8188 -0.3018 0.0070 0.0022 0.8864 0.4628
1628410592.013015270 -3.1286 0.8729 -0.3018 0.0069 0.0028 0.8941 0.4478
1628410592.063108206 -3.1502 0.9269 -0.3018 0.0067 0.0034 0.9015 0.4327
1628410592.113201141 -3.1719 0.9809 -0.3019 0.0065 0.0040 0.9086 0.4175
1628410592.163294077 -3.1935 1.0350 -0.3019 0.0063 0.0046 0.9155 0.4023
1628410592.213387012 -3.2152 1.0890 -0.3019 0.0061 0.0052 0.9221 0.3870
1628410592.263480186 -3.2369 1.1431 -0.3019 0.0059 0.0058 0.9283 0.3716
1628410592.313573122 -3.2585 1.1971 -0.3020 0.0058 0.0064 0.9344 0.3562
1628410592.363672495 -3.3131 1.2102 -0.3020 0.0056 0.0064 0.9400 0.3411
1628410592.413771868 -3.3676 1.2233 -0.3020 0.0054 0.0063 0.9454 0.3259
1628410592.463871241 -3.4222 1.2365 -0.3020 0.0051 0.0062 0.9505 0.3105
1628410592.513970613 -3.4768 1.2496 -0.3020 0.0049 0.0062 0.9555 0.2949
1628410592.564070225 -3.5313 1.2627 -0.3020 0.0047 0.0061 0.9602 0.2792
1628410592.614169598 -3.5859 1.2759 -0.3020 0.0045 0.0061 0.9646 0.2634
1628410592.664268970 -3.6404 1.2890 -0.3020 0.0043 0.0060 0.9689 0.2475
1628410592.714368343 -3.6950 1.3021 -0.3020 0.0041 0.0059 0.9728 0.2315
1628410592.764467716 -3.7496 1.3152 -0.3020 0.0039 0.0059 0.9765 0.2154
1628410592.814567089 -3.8041 1.3284 -0.3020 0.0036 0.0058 0.9799 0.1993
1628410592.864666462 -3.8587 1.3415 -0.3020 0.0034 0.0057 0.9831 0.1831
1628410592.914765835 -3.9132 1.3546 -0.3020 0.0032 0.0057 0.9860 0.1668
1628410592.964865208 -3.9678 1.3678 -0.3020 0.0030 0.0056 0.9886 0.1506
1628410593.014964581 -4.0224 1.3809 -0.3021 0.0028 0.0055 0.9909 0.1343
1628410593.065063953 -4.0769 1.3940 -0.3021 0.0025 0.0054 0.9930 0.1180
1628410593.115163565 -4.1315 1.4072 -0.3021 0.0023 0.0054 0.9948 0.1017
1628410593.165262938 -4.1861 1.4203 -0.3021 0.0021 0.0053 0.9963 0.0855
1628410593.215362310 -4.2406 1.4334 -0.3021 0.0019 0.0052 0.9976 0.0693
1628410593.265461683 -4.2952 1.4465 -0.3021 0.0017 0.0051 0.9986 0.0531
1628410593.315561056 -4.3497 1.4597 -0.3021 0.0014 0.0050 0.9993 0.0370
1628410593.365660667 -4.3970 1.4595 -0.3016 0.0015 0.0045 0.9990 0.0445
1628410593.415760040 -4.4443 1.4593 -0.3011 0.0015 0.0040 0.9986 0.0521
1628410593.465859652 -4.4916 1.4591 -0.3007 0.0015 0.0034 0.9982 0.0596
1628410593.515959263 -4.5389 1.4589 -0.3002 0.0015 0.0029 0.9977 0.0672
1628410593.566058874 -4.5862 1.4587 -0.2997 0.0016 0.0024 0.9972 0.0747
1628410593.616158485 -4.6335 1.4585 -0.2993 0.0016 0.0018 0.9966 0.0822
1628410593.666257858 -4.6807 1.4583 -0.2988 0.0016 0.0013 0.9960 0.0898
1628410593.716357470 -4.7280 1.4581 -0.2983 0.0016 0.0008 0.9953 0.0973
1628410593.766457081 -4.7753 1.4579 -0.2979 0.0017 0.0002 0.9945 0.1049
1628410593.816556454 -4.8226 1.4577 -0.2974 0.0017 -0.0003 0.9937 0.1124
1628410593.866656065 -4.8699 1.4575 -0.2969 0.0017 -0.0009 0.9928 0.1199
1628410593.916755676 -4.9172 1.4573 -0.2964 0.0017 -0.0014 0.9918 0.1274
1628410593.966855288 -4.9645 1.4571 -0.2960 0.0018 -0.0019 0.9908 0.1350
1628410594.016954899 -5.0118 1.4569 -0.2955 0.0018 -0.0025 0.9898 0.1425
1628410594.067054272 -5.0590 1.4567 -0.2950 0.0018 -0.0030 0.9887 0.1499
1628410594.117153883 -5.1063 1.4565 -0.2946 0.0018 -0.0035 0.9875 0.1574
1628410594.167253494 -5.1536 1.4563 -0.2941 0.0018 -0.0041 0.9863 0.1649
1628410594.217352867 -5.2009 1.4561 -0.2936 0.0019 -0.0046 0.9850 0.1723
1628410594.267452478 -5.2482 1.4559 -0.2932 0.0019 -0.0051 0.9837 0.1797
1628410594.317552090 -5.2955 1.4557 -0.2927 0.0019 -0.0057 0.9823 0.1872
1628410594.367649794 -5.3345 1.4941 -0.2932 0.0017 -0.0058 0.9794 0.2019
1628410594.417747498 -5.3735 1.5324 -0.2937 0.0016 -0.0060 0.9762 0.2167
1628410594.467845201 -5.4126 1.5707 -0.2941 0.0014 -0.0061 0.9728 0.2315
1628410594.517942905 -5.4516 1.6090 -0.2946 0.0012 -0.0063 0.9692 0.2463
1628410594.568040371 -5.4906 1.6474 -0.2951 0.0010 -0.0064 0.9653 0.2611
1628410594.618138075 -5.5297 1.6857 -0.2956 0.0008 -0.0066 0.9612 0.2759
1628410594.668235779 -5.5687 1.7240 -0.2961 0.0006 -0.0067 0.9568 0.2906
1628410594.718333483 -5.6077 1.7623 -0.2966 0.0004 -0.0068 0.9522 0.3053
1628410594.768431187 -5.6468 1.8007 -0.2971 0.0003 -0.0070 0.9474 0.3199
1628410594.818528891 -5.6858 1.8390 -0.2975 0.0001 -0.0071 0.9424 0.3344
1628410594.868626595 -5.7248 1.8773 -0.2980 -0.0001 -0.0073 0.9371 0.3489
1628410594.918724298 -5.7639 1.9156 -0.2985 -0.0003 -0.0074 0.9317 0.3633
1628410594.968822002 -5.8029 1.9539 -0.2990 -0.0005 -0.0075 0.9260 0.3776
1628410595.018919706 -5.8419 1.9923 -0.2995 -0.0007 -0.0077 0.9201 0.3917
1628410595.069017410 -5.8809 2.0306 -0.3000 -0.0008 -0.0078 0.9139 0.4058
1628410595.119114876 -5.9200 2.0689 -0.3005 -0.0010 -0.0079 0.9076 0.4197
1628410595.169212580 -5.9590 2.1072 -0.3009 -0.0012 -0.0080 0.9011 0.4335
1628410595.219310284 -5.9980 2.1456 -0.3014 -0.0014 -0.0082 0.8944 0.4471
1628410595.269407988 -6.0371 2.1839 -0.3019 -0.0016 -0.0083 0.8876 0.4606
1628410595.319505692 -6.0761 2.2222 -0.3024 -0.0018 -0.0084 0.8805 0.4739
1628410595.369604588 -6.0824 2.2772 -0.3025 -0.0020 -0.0085 0.8727 0.4882
1628410595.419703245 -6.0887 2.3322 -0.3026 -0.0022 -0.0085 0.8646 0.5024
1628410595.469801903 -6.0949 2.3872 -0.3027 -0.0024 -0.0086 0.8563 0.5165
1628410595.519900799 -6.1012 2.4422 -0.3028 -0.0026 -0.0087 0.8476 0.5305
1628410595.569999695 -6.1075 2.4971 -0.3029 -0.0028 -0.0087 0.8388 0.5444
1628410595.620098352 -6.1138 2.5521 -0.3030 -0.0030 -0.0088 0.8296 0.5582
1628410595.670197010 -6.1201 2.6071 -0.3031 -0.0033 -0.0089 0.8202 0.5719
1628410595.720295906 -6.1264 2.6621 -0.3031 -0.0035 -0.0089 0.8106 0.5855
1628410595.770394802 -6.1326 2.7171 -0.3032 -0.0037 -0.0090 0.8008 0.5989
1628410595.820493460 -6.1389 2.7721 -0.3033 -0.0039 -0.0090 0.7907 0.6122
1628410595.870592117 -6.1452 2.8271 -0.3034 -0.0041 -0.0091 0.7804 0.6253
1628410595.920691013 -6.1515 2.8821 -0.3035 -0.0043 -0.0091 0.7698 0.6382
1628410595.970789909 -6.1578 2.9370 -0.3036 -0.0045 -0.0092 0.7591 0.6509
1628410596.020888567 -6.1641 2.9920 -0.3037 -0.0047 -0.0092 0.7482 0.6634
1628410596.070987225 -6.1703 3.0470 -0.3038 -0.0049 -0.0092 0.7371 0.6757
1628410596.121086121 -6.1766 3.1020 -0.3039 -0.0051 -0.0093 0.7259 0.6878
1628410596.171185017 -6.1829 3.1570 -0.3040 -0.0053 -0.0093 0.7144 0.6996
1628410596.221283674 -6.1892 3.2120 -0.3041 -0.0055 -0.0093 0.7029 0.7112
1628410596.271382332 -6.1955 3.2670 -0.3042 -0.0057 -0.0094 0.6912 0.7226
1628410596.321481228 -6.2018 3.3219 -0.3043 -0.0059 -0.0094 0.6793 0.7338
1628410596.371580601 -6.1902 3.3777 -0.3040 -0.0054 -0.0089 0.6824 0.7309
1628410596.421679974 -6.1787 3.4334 -0.3038 -0.0049 -0.0084 0.6855 0.7280
1628410596.471779346 -6.1671 3.4892 -0.3036 -0.0044 -0.0080 0.6885 0.7251
1628410596.521878719 -6.1556 3.5449 -0.3034 -0.0039 -0.0075 0.6916 0.7222
1628410596.571978092 -6.1440 3.6007 -0.3031 -0.0034 -0.0070 0.6946 0.7193
1628410596.622077227 -6.1324 3.6564 -0.3029 -0.0029 -0.0065 0.6976 0.7164
1628410596.672176600 -6.1209 3.7122 -0.3027 -0.0024 -0.0061 0.7007 0.7135
1628410596.722275972 -6.1093 3.7679 -0.3025 -0.0019 -0.0056 0.7037 0.7105
1628410596.772375345 -6.0978 3.8236 -0.3022 -0.0014 -0.0051 0.7067 0.7075
1628410596.822474718 -6.0862 3.8794 -0.3020 -0.0009 -0.0046 0.7096 0.7046
1628410596.872574091 -6.0747 3.9351 -0.3018 -0.0004 -0.0042 0.7126 0.7016
1628410596.922673464 -6.0631 3.9909 -0.3016 0.0001 -0.0037 0.7155 0.6986
1628410596.972772837 -6.0516 4.0466 -0.3013 0.0007 -0.0032 0.7185 0.6955
1628410597.022872210 -6.0400 4.1024 -0.3011 0.0012 -0.0027 0.7214 0.6925
1628410597.072971344 -6.0285 4.1581 -0.3009 0.0017 -0.0022 0.7243 0.6895
1628410597.123070717 -6.0169 4.2139 -0.3007 0.0022 -0.0018 0.7272 0.6864
1628410597.173170090 -6.0054 4.2696 -0.3004 0.0027 -0.0013 0.7301 0.6833
1628410597.223269463 -5.9938 4.3254 -0.3002 0.0032 -0.0008 0.7330 0.6803
1628410597.273368835 -5.9823 4.3811 -0.3000 0.0037 -0.0003 0.7358 0.6772
1628410597.323468208 -5.9707 4.4368 -0.2998 0.0042 0.0001 0.7386 0.6741
1628410597.373570442 -6.0025 4.4827 -0.2990 0.0039 0.0001 0.7453 0.6667
1628410597.423672438 -6.0342 4.5286 -0.2983 0.0036 -0.0000 0.7519 0.6593
1628410597.473774433 -6.0659 4.5744 -0.2976 0.0034 -0.0001 0.7584 0.6518
1628410597.523876667 -6.0977 4.6203 -0.2968 0.0031 -0.0002 0.7648 0.6442
1628410597.573978901 -6.1294 4.6662 -0.2961 0.0028 -0.0003 0.7712 0.6366
1628410597.624080896 -6.1612 4.7120 -0.2954 0.0025 -0.0004 0.7775 0.6289
1628410597.674182892 -6.1929 4.7579 -0.2946 0.0022 -0.0005 0.7837 0.6211
1628410597.724285126 -6.2247 4.8038 -0.2939 0.0020 -0.0006 0.7899 0.6132
1628410597.774387360 -6.2564 4.8496 -0.2932 0.0017 -0.0006 0.7960 0.6053
1628410597.824489355 -6.2882 4.8955 -0.2924 0.0014 -0.0007 0.8020 0.5973
1628410597.874591351 -6.3199 4.9414 -0.2917 0.0011 -0.0008 0.8079 0.5893
1628410597.924693584 -6.3517 4.9872 -0.2910 0.0008 -0.0009 0.8138 0.5812
1628410597.974795818 -6.3834 5.0331 -0.2902 0.0006 -0.0010 0.8195 0.5731
1628410598.024897814 -6.4152 5.0790 -0.2895 0.0003 -0.0011 0.8252 0.5649
1628410598.074999809 -6.4469 5.1248 -0.2888 -0.0000 -0.0012 0.8308 0.5566
1628410598.125102043 -6.4787 5.1707 -0.2880 -0.0003 -0.0012 0.8363 0.5483
1628410598.175204277 -6.5104 5.2166 -0.2873 -0.0006 -0.0013 0.8417 0.5400
1628410598.225306273 -6.5422 5.2624 -0.2865 -0.0009 -0.0014 0.8470 0.5316
1628410598.275408268 -6.5739 5.3083 -0.2858 -0.0011 -0.0015 0.8522 0.5231
1628410598.325510502 -6.6057 5.3542 -0.2851 -0.0014 -0.0016 0.8574 0.5147
1628410598.375605822 -6.6017 5.3641 -0.2853 -0.0016 -0.0016 0.8565 0.5162
1628410598.425701141 -6.5977 5.3740 -0.2855 -0.0017 -0.0016 0.8556 0.5176
1628410598.475796700 -6.5937 5.3840 -0.2857 -0.0019 -0.0016 0.8547 0.5191
1628410598.525892019 -6.5897 5.3939 -0.2860 -0.0020 -0.0016 0.8538 0.5205
1628410598.575987339 -6.5857 5.4039 -0.2862 -0.0022 -0.0016 0.8530 0.5220
1628410598.626082659 -6.5817 5.4138 -0.2864 -0.0023 -0.0017 0.8521 0.5234
1628410598.676177979 -6.5778 5.4238 -0.2866 -0.0025 -0.0017 0.8512 0.5249
1628410598.726273537 -6.5738 5.4337 -0.2869 -0.0026 -0.0017 0.8503 0.5263
1628410598.776368856 -6.5698 5.4437 -0.2871 -0.0028 -0.0017 0.8494 0.5278
1628410598.826464176 -6.5658 5.4536 -0.2873 -0.0029 -0.0017 0.8485 0.5292
1628410598.876559496 -6.5618 5.4636 -0.2875 -0.0031 -0.0017 0.8476 0.5307
1628410598.926654816 -6.5578 5.4735 -0.2878 -0.0032 -0.0017 0.8467 0.5321
1628410598.976750374 -6.5538 5.4835 -0.2880 -0.0034 -0.0017 0.8457 0.5336
1628410599.026845694 -6.5498 5.4934 -0.2882 -0.0035 -0.0018 0.8448 0.5350
1628410599.076941013 -6.5459 5.5033 -0.2884 -0.0037 -0.0018 0.8439 0.5365
1628410599.127036333 -6.5419 5.5133 -0.2886 -0.0038 -0.0018 0.8430 0.5379
1628410599.177131653 -6.5379 5.5232 -0.2889 -0.0040 -0.0018 0.8421 0.5393
1628410599.227227211 -6.5339 5.5332 -0.2891 -0.0042 -0.0018 0.8412 0.5408
1628410599.277322531 -6.5299 5.5431 -0.2893 -0.0043 -0.0018 0.8402 0.5422
1628410599.327417850 -6.5259 5.5531 -0.2895 -0.0045 -0.0018 0.8393 0.5436
1628410599.377602339 -6.5114 5.5298 -0.2897 -0.0044 -0.0020 0.8443 0.5359
1628410599.427787066 -6.4970 5.5066 -0.2899 -0.0044 -0.0022 0.8492 0.5280
1628410599.477971554 -6.4825 5.4834 -0.2900 -0.0044 -0.0023 0.8541 0.5202
1628410599.528156042 -6.4680 5.4601 -0.2902 -0.0044 -0.0025 0.8588 0.5122
1628410599.578340530 -6.4535 5.4369 -0.2904 -0.0044 -0.0026 0.8636 0.5042
1628410599.628525257 -6.4390 5.4137 -0.2905 -0.0044 -0.0028 0.8682 0.4962
1628410599.678709745 -6.4245 5.3904 -0.2907 -0.0044 -0.0029 0.8728 0.4881
1628410599.728894234 -6.4100 5.3672 -0.2909 -0.0044 -0.0031 0.8773 0.4800
1628410599.779078960 -6.3955 5.3440 -0.2910 -0.0044 -0.0033 0.8817 0.4718
1628410599.829263449 -6.3811 5.3207 -0.2912 -0.0044 -0.0034 0.8861 0.4636
1628410599.879447937 -6.3666 5.2975 -0.2913 -0.0043 -0.0036 0.8903 0.4553
1628410599.929632664 -6.3521 5.2742 -0.2915 -0.0043 -0.0037 0.8945 0.4470
1628410599.979817152 -6.3376 5.2510 -0.2917 -0.0043 -0.0039 0.8986 0.4387
1628410600.030001640 -6.3231 5.2278 -0.2918 -0.0043 -0.0040 0.9027 0.4303
1628410600.080186367 -6.3086 5.2045 -0.2920 -0.0043 -0.0042 0.9066 0.4219
1628410600.130370855 -6.2941 5.1813 -0.2922 -0.0043 -0.0044 0.9105 0.4134
1628410600.180555344 -6.2796 5.1581 -0.2923 -0.0043 -0.0045 0.9143 0.4050
1628410600.230739832 -6.2652 5.1348 -0.2925 -0.0043 -0.0047 0.9180 0.3965
1628410600.280924559 -6.2507 5.1116 -0.2927 -0.0042 -0.0048 0.9216 0.3880
1628410600.331109047 -6.2362 5.0884 -0.2928 -0.0042 -0.0050 0.9252 0.3795
1628410600.381124735 -6.2172 5.0590 -0.2933 -0.0042 -0.0051 0.9302 0.3670
1628410600.431140423 -6.1982 5.0295 -0.2938 -0.0042 -0.0052 0.9351 0.3544
1628410600.481156111 -6.1792 5.0001 -0.2943 -0.0042 -0.0054 0.9398 0.3418
1628410600.531171560 -6.1602 4.9707 -0.2948 -0.0042 -0.0055 0.9443 0.3290
1628410600.581187248 -6.1411 4.9413 -0.2953 -0.0042 -0.0056 0.9487 0.3161
1628410600.631202936 -6.1221 4.9119 -0.2958 -0.0042 -0.0058 0.9529 0.3032
1628410600.681218624 -6.1031 4.8825 -0.2963 -0.0042 -0.0059 0.9569 0.2902
1628410600.731234312 -6.0841 4.8531 -0.2968 -0.0042 -0.0060 0.9608 0.2771
1628410600.781250000 -6.0651 4.8237 -0.2973 -0.0042 -0.0061 0.9645 0.2639
1628410600.831265450 -6.0461 4.7943 -0.2978 -0.0042 -0.0063 0.9680 0.2507
1628410600.881281137 -6.0271 4.7649 -0.2983 -0.0041 -0.0064 0.9714 0.2375
1628410600.931296825 -6.0081 4.7355 -0.2987 -0.0041 -0.0065 0.9745 0.2242
1628410600.981312513 -5.9891 4.7061 -0.2992 -0.0041 -0.0066 0.9775 0.2109
1628410601.031328201 -5.9701 4.6767 -0.2997 -0.0041 -0.0068 0.9803 0.1975
1628410601.081343889 -5.9511 4.6473 -0.3002 -0.0041 -0.0069 0.9829 0.1842
1628410601.131359577 -5.9321 4.6179 -0.3007 -0.0041 -0.0070 0.9853 0.1708
1628410601.181375027 -5.9131 4.5885 -0.3012 -0.0041 -0.0071 0.9875 0.1574
1628410601.231390715 -5.8941 4.5591 -0.3017 -0.0041 -0.0072 0.9895 0.1441
1628410601.281406403 -5.8751 4.5297 -0.3022 -0.0040 -0.0073 0.9914 0.1307
1628410601.331422091 -5.8561 4.5003 -0.3027 -0.0040 -0.0075 0.9931 0.1174
1628410601.381519079 -5.8133 4.4959 -0.3020 -0.0040 -0.0076 0.9945 0.1043
1628410601.431615829 -5.7706 4.4915 -0.3013 -0.0039 -0.0076 0.9958 0.0911
1628410601.481712818 -5.7278 4.4871 -0.3006 -0.0039 -0.0077 0.9969 0.0780
1628410601.531809568 -5.6851 4.4828 -0.3000 -0.0038 -0.0078 0.9979 0.0647
1628410601.581906557 -5.6424 4.4784 -0.2993 -0.0038 -0.0079 0.9986 0.0514
1628410601.632003307 -5.5996 4.4740 -0.2986 -0.0037 -0.0080 0.9992 0.0381
1628410601.682100296 -5.5569 4.4696 -0.2979 -0.0037 -0.0081 0.9997 0.0248
1628410601.732197046 -5.5142 4.4652 -0.2972 -0.0036 -0.0082 0.9999 0.0114
1628410601.782294035 -5.4714 4.4608 -0.2965 -0.0035 -0.0083 1.0000 -0.0019
1628410601.832390785 -5.4287 4.4564 -0.2958 -0.0035 -0.0083 0.9998 -0.0153
1628410601.882487774 -5.3859 4.4520 -0.2952 -0.0034 -0.0084 0.9995 -0.0287
1628410601.932584763 -5.3432 4.4477 -0.2945 -0.0034 -0.0085 0.9991 -0.0420
1628410601.982681513 -5.3005 4.4433 -0.2938 -0.0033 -0.0086 0.9984 -0.0554
1628410602.032778502 -5.2577 4.4389 -0.2931 -0.0033 -0.0086 0.9976 -0.0687
1628410602.082875252 -5.2150 4.4345 -0.2924 -0.0032 -0.0087 0.9966 -0.0820
1628410602.132972240 -5.1722 4.4301 -0.2917 -0.0031 -0.0088 0.9954 -0.0952
1628410602.183068991 -5.1295 4.4257 -0.2911 -0.0031 -0.0089 0.9941 -0.1084
1628410602.233165979 -5.0868 4.4213 -0.2904 -0.0030 -0.0089 0.9925 -0.1216
1628410602.283262730 -5.0440 4.4169 -0.2897 -0.0029 -0.0090 0.9908 -0.1347
1628410602.333359718 -5.0013 4.4125 -0.2890 -0.0029 -0.0091 0.9890 -0.1477
1628410602.383458853 -5.0018 4.4169 -0.2892 -0.0025 -0.0087 0.9887 -0.1496
1628410602.433557749 -5.0024 4.4212 -0.2894 -0.0021 -0.0083 0.9884 -0.1514
1628410602.483656883 -5.0030 4.4256 -0.2895 -0.0017 -0.0079 0.9882 -0.1533
1628410602.533755779 -5.0035 4.4299 -0.2897 -0.0014 -0.0075 0.9879 -0.1551
1628410602.583854914 -5.0041 4.4343 -0.2899 -0.0010 -0.0070 0.9876 -0.1570
1628410602.633953810 -5.0046 4.4386 -0.2901 -0.0006 -0.0066 0.9873 -0.1588
1628410602.684052944 -5.0052 4.4430 -0.2902 -0.0002 -0.0062 0.9870 -0.1606
1628410602.734151840 -5.0057 4.4473 -0.2904 0.0002 -0.0058 0.9867 -0.1625
1628410602.784250975 -5.0063 4.4517 -0.2906 0.0005 -0.0054 0.9864 -0.1643
1628410602.834350109 -5.0068 4.4560 -0.2908 0.0009 -0.0050 0.9861 -0.1662
1628410602.884449005 -5.0074 4.4604 -0.2910 0.0013 -0.0046 0.9858 -0.1680
1628410602.934548140 -5.0079 4.4647 -0.2911 0.0017 -0.0042 0.9855 -0.1699
1628410602.984647036 -5.0085 4.4690 -0.2913 0.0021 -0.0038 0.9851 -0.1717
1628410603.034746170 -5.0090 4.4734 -0.2915 0.0024 -0.0034 0.9848 -0.1735
1628410603.084845066 -5.0096 4.4777 -0.2917 0.0028 -0.0030 0.9845 -0.1754
1628410603.134944201 -5.0101 4.4821 -0.2919 0.0032 -0.0026 0.9842 -0.1772
1628410603.185043097 -5.0107 4.4864 -0.2920 0.0036 -0.0022 0.9838 -0.1791
1628410603.235142231 -5.0112 4.4908 -0.2922 0.0040 -0.0018 0.9835 -0.1809
1628410603.285241127 -5.0118 4.4951 -0.2924 0.0043 -0.0014 0.9831 -0.1827
1628410603.335340261 -5.0123 4.4995 -0.2926 0.0047 -0.0010 0.9828 -0.1846
1628410603.385437727 -5.0439 4.4640 -0.2931 0.0042 -0.0006 0.9795 -0.2014
1628410603.435535192 -5.0755 4.4284 -0.2937 0.0037 -0.0002 0.9759 -0.2183
1628410603.485632896 -5.1070 4.3929 -0.2942 0.0032 0.0002 0.9720 -0.2351
1628410603.535730362 -5.1386 4.3574 -0.2948 0.0027 0.0006 0.9677 -0.2520
1628410603.585827827 -5.1702 4.3219 -0.2953 0.0022 0.0010 0.9632 -0.2688
1628410603.635925293 -5.2017 4.2863 -0.2959 0.0017 0.0014 0.9583 -0.2857
1628410603.686022758 -5.2333 4.2508 -0.2964 0.0012 0.0018 0.9532 -0.3025
1628410603.736120462 -5.2649 4.2153 -0.2970 0.0007 0.0023 0.9477 -0.3192
1628410603.786217928 -5.2964 4.1798 -0.2975 0.0002 0.0027 0.9419 -0.3358
1628410603.836315393 -5.3280 4.1442 -0.2981 -0.0003 0.0031 0.9359 -0.3524
1628410603.886412859 -5.3596 4.1087 -0.2986 -0.0008 0.0035 0.9295 -0.3688
1628410603.936510324 -5.3911 4.0732 -0.2992 -0.0013 0.0039 0.9229 -0.3851
1628410603.986608028 -5.4227 4.0377 -0.2997 -0.0018 0.0043 0.9159 -0.4013
1628410604.036705494 -5.4543 4.0022 -0.3003 -0.0023 0.0047 0.9088 -0.4173
1628410604.086802959 -5.4858 3.9666 -0.3009 -0.0028 0.0051 0.9013 -0.4331
1628410604.136900425 -5.5174 3.9311 -0.3014 -0.0033 0.0055 0.8936 -0.4488
1628410604.186997890 -5.5490 3.8956 -0.3020 -0.0038 0.0059 0.8857 -0.4643
1628410604.237095594 -5.5805 3.8601 -0.3025 -0.0043 0.0063 0.8775 -0.4795
1628410604.287193060 -5.6121 3.8245 -0.3031 -0.0048 0.0067 0.8691 -0.4946
1628410604.337290525 -5.6437 3.7890 -0.3036 -0.0053 0.0071 0.8605 -0.5094
1628410604.387390852 -5.6468 3.7364 -0.3044 -0.0053 0.0065 0.8588 -0.5122
1628410604.437491179 -5.6500 3.6837 -0.3052 -0.0053 0.0059 0.8571 -0.5150
1628410604.487591505 -5.6532 3.6310 -0.3060 -0.0052 0.0053 0.8555 -0.5178
1628410604.537692070 -5.6564 3.5783 -0.3069 -0.0052 0.0047 0.8538 -0.5206
1628410604.587792397 -5.6595 3.5256 -0.3077 -0.0052 0.0041 0.8521 -0.5234
1628410604.637892723 -5.6627 3.4730 -0.3085 -0.0052 0.0035 0.8503 -0.5262
1628410604.687993050 -5.6659 3.4203 -0.3093 -0.0052 0.0029 0.8486 -0.5290
1628410604.738093376 -5.6690 3.3676 -0.3101 -0.0051 0.0024 0.8469 -0.5317
1628410604.788193703 -5.6722 3.3149 -0.3109 -0.0051 0.0018 0.8452 -0.5345
1628410604.838294029 -5.6754 3.2623 -0.3117 -0.0051 0.0012 0.8434 -0.5373
1628410604.888394594 -5.6785 3.2096 -0.3125 -0.0051 0.0006 0.8416 -0.5400
1628410604.938494921 -5.6817 3.1569 -0.3133 -0.0051 -0.0000 0.8399 -0.5428
1628410604.988595247 -5.6849 3.1042 -0.3141 -0.0050 -0.0006 0.8381 -0.5455
1628410605.038695574 -5.6880 3.0516 -0.3150 -0.0050 -0.0012 0.8363 -0.5482
1628410605.088795900 -5.6912 2.9989 -0.3158 -0.0050 -0.0018 0.8345 -0.5510
1628410605.138896227 -5.6944 2.9462 -0.3166 -0.0050 -0.0024 0.8327 -0.5537
1628410605.188996792 -5.6975 2.8935 -0.3174 -0.0050 -0.0030 0.8309 -0.5564
1628410605.239097118 -5.7007 2.8409 -0.3182 -0.0049 -0.0036 0.8291 -0.5591
1628410605.289197445 -5.7039 2.7882 -0.3190 -0.0049 -0.0041 0.8272 -0.5618
1628410605.339297771 -5.7070 2.7355 -0.3198 -0.0049 -0.0047 0.8254 -0.5645
1628410605.389395475 -5.7295 2.7296 -0.3195 -0.0049 -0.0047 0.8269 -0.5623
1628410605.439492941 -5.7520 2.7237 -0.3193 -0.0049 -0.0046 0.8284 -0.5600
1628410605.489590645 -5.7745 2.7177 -0.3190 -0.0049 -0.0045 0.8300 -0.5578
1628410605.539688110 -5.7969 2.7118 -0.3187 -0.0049 -0.0045 0.8315 -0.5555
1628410605.589785814 -5.8194 2.7059 -0.3184 -0.0049 -0.0044 0.8330 -0.5533
1628410605.639883518 -5.8419 2.6999 -0.3181 -0.0049 -0.0043 0.8345 -0.5510
1628410605.689980984 -5.8643 2.6940 -0.3179 -0.0050 -0.0043 0.8359 -0.5488
1628410605.740078688 -5.8868 2.6881 -0.3176 -0.0050 -0.0042 0.8374 -0.5465
1628410605.790176153 -5.9093 2.6822 -0.3173 -0.0050 -0.0041 0.8389 -0.5442
1628410605.840273857 -5.9317 2.6762 -0.3170 -0.0050 -0.0041 0.8404 -0.5420
1628410605.890371561 -5.9542 2.6703 -0.3167 -0.0050 -0.0040 0.8418 -0.5397
1628410605.940469027 -5.9767 2.6644 -0.3164 -0.0050 -0.0039 0.8433 -0.5374
1628410605.990566730 -5.9992 2.6585 -0.3162 -0.0050 -0.0038 0.8447 -0.5351
1628410606.040664196 -6.0216 2.6525 -0.3159 -0.0050 -0.0038 0.8462 -0.5329
1628410606.090761900 -6.0441 2.6466 -0.3156 -0.0050 -0.0037 0.8476 -0.5306
1628410606.140859604 -6.0666 2.6407 -0.3153 -0.0050 -0.0036 0.8491 -0.5283
1628410606.190957069 -6.0890 2.6347 -0.3150 -0.0050 -0.0036 0.8505 -0.5260
1628410606.241054773 -6.1115 2.6288 -0.3148 -0.0050 -0.0035 0.8519 -0.5237
1628410606.291152239 -6.1340 2.6229 -0.3145 -0.0051 -0.0034 0.8533 -0.5214
1628410606.341249943 -6.1565 2.6170 -0.3142 -0.0051 -0.0034 0.8547 -0.5191
1628410606.391349077 -6.1446 2.6407 -0.3145 -0.0052 -0.0034 0.8511 -0.5250
1628410606.441448212 -6.1328 2.6645 -0.3148 -0.0052 -0.0035 0.8474 -0.5310
1628410606.491547585 -6.1209 2.6883 -0.3151 -0.0053 -0.0035 0.8436 -0.5369
1628410606.541646719 -6.1090 2.7120 -0.3154 -0.0054 -0.0036 0.8398 -0.5428
1628410606.591745853 -6.0972 2.7358 -0.3157 -0.0055 -0.0036 0.8360 -0.5487
1628410606.641845226 -6.0853 2.7596 -0.3160 -0.0056 -0.0037 0.8321 -0.5545
1628410606.691944361 -6.0735 2.7834 -0.3163 -0.0057 -0.0038 0.8282 -0.5603
1628410606.742043495 -6.0616 2.8071 -0.3166 -0.0058 -0.0038 0.8243 -0.5661
1628410606.792142630 -6.0498 2.8309 -0.3169 -0.0059 -0.0039 0.8203 -0.5719
1628410606.842241764 -6.0379 2.8547 -0.3172 -0.0060 -0.0039 0.8162 -0.5777
1628410606.892341137 -6.0261 2.8785 -0.3175 -0.0061 -0.0040 0.8122 -0.5834
1628410606.942440271 -6.0142 2.9022 -0.3178 -0.0062 -0.0040 0.8080 -0.5891
1628410606.992539406 -6.0024 2.9260 -0.3181 -0.0062 -0.0041 0.8039 -0.5947
1628410607.042638779 -5.9905 2.9498 -0.3184 -0.0063 -0.0041 0.7997 -0.6004
1628410607.092737913 -5.9787 2.9735 -0.3187 -0.0064 -0.0042 0.7955 -0.6060
1628410607.142837048 -5.9668 2.9973 -0.3190 -0.0065 -0.0042 0.7912 -0.6115
1628410607.192936182 -5.9550 3.0211 -0.3193 -0.0066 -0.0043 0.7869 -0.6170
1628410607.243035316 -5.9431 3.0449 -0.3196 -0.0067 -0.0044 0.7825 -0.6225
1628410607.293134689 -5.9313 3.0686 -0.3199 -0.0068 -0.0044 0.7782 -0.6280
1628410607.343233824 -5.9194 3.0924 -0.3202 -0.0069 -0.0045 0.7738 -0.6334
1628410607.393332481 -5.9082 3.1248 -0.3196 -0.0066 -0.0045 0.7650 -0.6439
1628410607.443431139 -5.8970 3.1572 -0.3190 -0.0063 -0.0045 0.7562 -0.6543
1628410607.493529558 -5.8857 3.1895 -0.3184 -0.0060 -0.0046 0.7471 -0.6647
1628410607.543628216 -5.8745 3.2219 -0.3177 -0.0057 -0.0046 0.7379 -0.6749
1628410607.593726873 -5.8633 3.2543 -0.3171 -0.0054 -0.0046 0.7285 -0.6850
1628410607.643825531 -5.8521 3.2866 -0.3165 -0.0051 -0.0047 0.7190 -0.6950
1628410607.693924189 -5.8408 3.3190 -0.3159 -0.0048 -0.0047 0.7093 -0.7049
1628410607.744022608 -5.8296 3.3514 -0.3153 -0.0045 -0.0047 0.6994 -0.7147
1628410607.794121265 -5.8184 3.3838 -0.3147 -0.0042 -0.0047 0.6894 -0.7243
1628410607.844219923 -5.8072 3.4161 -0.3141 -0.0039 -0.0048 0.6793 -0.7338
1628410607.894318581 -5.7959 3.4485 -0.3135 -0.0036 -0.0048 0.6691 -0.7432
1628410607.944417238 -5.7847 3.4809 -0.3128 -0.0033 -0.0048 0.6587 -0.7524
1628410607.994515657 -5.7735 3.5133 -0.3122 -0.0030 -0.0048 0.6482 -0.7614
1628410608.044614315 -5.7623 3.5456 -0.3116 -0.0027 -0.0049 0.6376 -0.7703
1628410608.094712973 -5.7510 3.5780 -0.3110 -0.0024 -0.0049 0.6269 -0.7791
1628410608.144811630 -5.7398 3.6104 -0.3104 -0.0021 -0.0049 0.6161 -0.7877
1628410608.194910288 -5.7286 3.6427 -0.3098 -0.0018 -0.0049 0.6052 -0.7961
1628410608.245008707 -5.7174 3.6751 -0.3092 -0.0015 -0.0049 0.5942 -0.8043
1628410608.295107365 -5.7061 3.7075 -0.3086 -0.0012 -0.0050 0.5831 -0.8124
1628410608.345206022 -5.6949 3.7399 -0.3079 -0.0009 -0.0050 0.5720 -0.8202
1628410608.395313978 -5.6970 3.7638 -0.3074 -0.0008 -0.0045 0.5686 -0.8226
1628410608.445421934 -5.6990 3.7878 -0.3069 -0.0008 -0.0040 0.5651 -0.8250
1628410608.495529890 -5.7010 3.8117 -0.3064 -0.0007 -0.0035 0.5617 -0.8273
1628410608.545637846 -5.7031 3.8357 -0.3059 -0.0007 -0.0029 0.5582 -0.8297
1628410608.595745564 -5.7051 3.8596 -0.3054 -0.0006 -0.0024 0.5548 -0.8320
1628410608.645853519 -5.7072 3.8836 -0.3049 -0.0005 -0.0019 0.5513 -0.8343
1628410608.695961475 -5.7092 3.9075 -0.3043 -0.0005 -0.0014 0.5478 -0.8366
1628410608.746069431 -5.7112 3.9315 -0.3038 -0.0004 -0.0009 0.5443 -0.8389
1628410608.796177387 -5.7133 3.9554 -0.3033 -0.0004 -0.0004 0.5408 -0.8412
1628410608.846285343 -5.7153 3.9794 -0.3028 -0.0003 0.0001 0.5373 -0.8434
1628410608.896393299 -5.7174 4.0033 -0.3023 -0.0003 0.0006 0.5338 -0.8456
1628410608.946501255 -5.7194 4.0273 -0.3018 -0.0002 0.0011 0.5302 -0.8479
1628410608.996609211 -5.7214 4.0512 -0.3012 -0.0001 0.0017 0.5267 -0.8501
1628410609.046717167 -5.7235 4.0752 -0.3007 -0.0001 0.0022 0.5231 -0.8523
1628410609.096825123 -5.7255 4.0991 -0.3002 -0.0000 0.0027 0.5196 -0.8544
1628410609.146932840 -5.7275 4.1231 -0.2997 0.0000 0.0032 0.5160 -0.8566
1628410609.197040796 -5.7296 4.1470 -0.2992 0.0001 0.0037 0.5124 -0.8587
1628410609.247148752 -5.7316 4.1710 -0.2987 0.0001 0.0042 0.5088 -0.8609
1628410609.297256708 -5.7337 4.1949 -0.2981 0.0002 0.0047 0.5052 -0.8630
1628410609.347364664 -5.7357 4.2189 -0.2976 0.0002 0.0052 0.5016 -0.8651
1628410609.397453547 -5.7140 4.1899 -0.2982 -0.0001 0.0053 0.4895 -0.8720
1628410609.447542191 -5.6923 4.1610 -0.2987 -0.0005 0.0053 0.4771 -0.8788
1628410609.497631073 -5.6706 4.1320 -0.2992 -0.0009 0.0054 0.4647 -0.8855
1628410609.547719955 -5.6489 4.1031 -0.2998 -0.0013 0.0054 0.4521 -0.8919
1628410609.597808838 -5.6272 4.0741 -0.3003 -0.0017 0.0055 0.4394 -0.8983
1628410609.647897720 -5.6055 4.0452 -0.3009 -0.0022 0.0055 0.4266 -0.9044
1628410609.697986364 -5.5838 4.0162 -0.3014 -0.0026 0.0056 0.4137 -0.9104
1628410609.748075247 -5.5621 3.9873 -0.3020 -0.0030 0.0056 0.4006 -0.9162
1628410609.798164129 -5.5404 3.9583 -0.3025 -0.0034 0.0056 0.3875 -0.9218
1628410609.848252773 -5.5187 3.9294 -0.3030 -0.0038 0.0057 0.3743 -0.9273
1628410609.898341656 -5.4970 3.9004 -0.3036 -0.0042 0.0057 0.3611 -0.9325
1628410609.948430538 -5.4753 3.8714 -0.3041 -0.0046 0.0058 0.3477 -0.9376
1628410609.998519421 -5.4536 3.8425 -0.3047 -0.0050 0.0058 0.3343 -0.9424
1628410610.048608303 -5.4319 3.8135 -0.3052 -0.0054 0.0058 0.3209 -0.9471
1628410610.098696947 -5.4102 3.7846 -0.3057 -0.0057 0.0059 0.3074 -0.9516
1628410610.148785830 -5.3885 3.7556 -0.3063 -0.0061 0.0059 0.2938 -0.9558
1628410610.198874712 -5.3668 3.7267 -0.3068 -0.0065 0.0059 0.2803 -0.9599
1628410610.248963356 -5.3451 3.6977 -0.3074 -0.0069 0.0060 0.2667 -0.9637
1628410610.299052238 -5.3234 3.6688 -0.3079 -0.0073 0.0060 0.2531 -0.9674
1628410610.349141121 -5.3016 3.6398 -0.3085 -0.0077 0.0060 0.2395 -0.9708
1628410610.399242640 -5.2355 3.6466 -0.3085 -0.0077 0.0059 0.2259 -0.9741
1628410610.449344397 -5.1693 3.6533 -0.3086 -0.0077 0.0058 0.2121 -0.9772
1628410610.499445915 -5.1032 3.6600 -0.3087 -0.0077 0.0056 0.1983 -0.9801
1628410610.549547672 -5.0370 3.6667 -0.3088 -0.0077 0.0055 0.1844 -0.9828
1628410610.599649191 -4.9708 3.6735 -0.3089 -0.0077 0.0054 0.1705 -0.9853
1628410610.649750948 -4.9047 3.6802 -0.3090 -0.0078 0.0053 0.1564 -0.9876
1628410610.699852467 -4.8385 3.6869 -0.3091 -0.0078 0.0051 0.1423 -0.9898
1628410610.749954224 -4.7723 3.6937 -0.3092 -0.0078 0.0050 0.1282 -0.9917
1628410610.800055742 -4.7062 3.7004 -0.3093 -0.0078 0.0049 0.1140 -0.9934
1628410610.850157261 -4.6400 3.7071 -0.3094 -0.0078 0.0047 0.0998 -0.9950
1628410610.900259018 -4.5739 3.7138 -0.3095 -0.0078 0.0046 0.0856 -0.9963
1628410610.950360537 -4.5077 3.7206 -0.3096 -0.0078 0.0044 0.0714 -0.9974
1628410611.000462294 -4.4415 3.7273 -0.3097 -0.0078 0.0043 0.0572 -0.9983
1628410611.050563812 -4.3754 3.7340 -0.3098 -0.0077 0.0042 0.0429 -0.9990
1628410611.100665569 -4.3092 3.7408 -0.3099 -0.0077 0.0040 0.0287 -0.9995
1628410611.150767088 -4.2430 3.7475 -0.3100 -0.0077 0.0039 0.0145 -0.9999
1628410611.200868845 -4.1769 3.7542 -0.3101 -0.0077 0.0038 0.0004 -1.0000
1628410611.250970364 -4.1107 3.7609 -0.3102 -0.0077 0.0036 -0.0137 -0.9999
1628410611.301072121 -4.0446 3.7677 -0.3103 -0.0077 0.0035 -0.0278 -0.9996
1628410611.351173639 -3.9784 3.7744 -0.3104 -0.0077 0.0033 -0.0418 -0.9991
1628410611.401280403 -3.9287 3.7647 -0.3103 -0.0074 0.0031 -0.0296 -0.9995
1628410611.451386929 -3.8791 3.7551 -0.3102 -0.0071 0.0029 -0.0173 -0.9998
1628410611.501493692 -3.8294 3.7454 -0.3102 -0.0068 0.0027 -0.0050 -1.0000
1628410611.551600456 -3.7798 3.7357 -0.3101 -0.0065 0.0024 0.0074 -0.9999
1628410611.601707220 -3.7301 3.7261 -0.3100 -0.0062 0.0022 0.0197 -0.9998
1628410611.651813984 -3.6804 3.7164 -0.3100 -0.0059 0.0020 0.0321 -0.9995
1628410611.701920509 -3.6308 3.7067 -0.3099 -0.0056 0.0017 0.0445 -0.9990
1628410611.752027273 -3.5811 3.6971 -0.3098 -0.0053 0.0015 0.0569 -0.9984
1628410611.802134037 -3.5315 3.6874 -0.3098 -0.0050 0.0013 0.0693 -0.9976
1628410611.852240562 -3.4818 3.6777 -0.3097 -0.0047 0.0010 0.0816 -0.9966
1628410611.902347326 -3.4321 3.6680 -0.3096 -0.0043 0.0008 0.0940 -0.9956
1628410611.952454090 -3.3825 3.6584 -0.3096 -0.0040 0.0006 0.1064 -0.9943
1628410612.002560854 -3.3328 3.6487 -0.3095 -0.0037 0.0004 0.1187 -0.9929
1628410612.052667618 -3.2832 3.6390 -0.3094 -0.0034 0.0001 0.1310 -0.9914
1628410612.102774143 -3.2335 3.6294 -0.3094 -0.0031 -0.0001 0.1433 -0.9897
1628410612.152880907 -3.1838 3.6197 -0.3093 -0.0028 -0.0003 0.1555 -0.9878
1628410612.202987671 -3.1342 3.6100 -0.3092 -0.0025 -0.0006 0.1677 -0.9858
1628410612.253094196 -3.0845 3.6004 -0.3092 -0.0022 -0.0008 0.1798 -0.9837
1628410612.303200960 -3.0349 3.5907 -0.3091 -0.0019 -0.0010 0.1919 -0.9814
1628410612.353307724 -2.9852 3.5810 -0.3090 -0.0016 -0.0013 0.2039 -0.9790
1628410612.403395653 -2.9664 3.5436 -0.3090 -0.0013 -0.0013 0.2167 -0.9762
1628410612.453483820 -2.9476 3.5062 -0.3089 -0.0011 -0.0013 0.2296 -0.9733
1628410612.503571749 -2.9288 3.4688 -0.3088 -0.0009 -0.0014 0.2424 -0.9702
1628410612.553659678 -2.9100 3.4313 -0.3087 -0.0007 -0.0014 0.2552 -0.9669
1628410612.603747845 -2.8913 3.3939 -0.3086 -0.0004 -0.0014 0.2680 -0.9634
1628410612.653835773 -2.8725 3.3565 -0.3085 -0.0002 -0.0015 0.2808 -0.9598
1628410612.703923702 -2.8537 3.3191 -0.3085 0.0000 -0.0015 0.2936 -0.9559
1628410612.754011869 -2.8349 3.2817 -0.3084 0.0002 -0.0016 0.3063 -0.9519
1628410612.804099798 -2.8161 3.2442 -0.3083 0.0005 -0.0016 0.3190 -0.9478
1628410612.854187965 -2.7973 3.2068 -0.3082 0.0007 -0.0016 0.3316 -0.9434
1628410612.904275894 -2.7785 3.1694 -0.3081 0.0009 -0.0017 0.3442 -0.9389
1628410612.954363823 -2.7598 3.1320 -0.3080 0.0011 -0.0017 0.3567 -0.9342
1628410613.004451990 -2.7410 3.0945 -0.3080 0.0013 -0.0018 0.3691 -0.9294
1628410613.054539919 -2.7222 3.0571 -0.3079 0.0016 -0.0018 0.3814 -0.9244
1628410613.104627848 -2.7034 3.0197 -0.3078 0.0018 -0.0018 0.3937 -0.9192
1628410613.154716015 -2.6846 2.9823 -0.3077 0.0020 -0.0019 0.4059 -0.9139
1628410613.204803944 -2.6658 2.9448 -0.3076 0.0022 -0.0019 0.4179 -0.9085
1628410613.254891872 -2.6470 2.9074 -0.3076 0.0025 -0.0019 0.4299 -0.9029
1628410613.304980040 -2.6282 2.8700 -0.3075 0.0027 -0.0020 0.4418 -0.8971
1628410613.355067968 -2.6095 2.8326 -0.3074 0.0029 -0.0020 0.4535 -0.8913
1628410613.405187607 -2.5936 2.7793 -0.3081 0.0029 -0.0024 0.4694 -0.8830
1628410613.455307484 -2.5778 2.7260 -0.3088 0.0030 -0.0027 0.4852 -0.8744
1628410613.505427122 -2.5620 2.6727 -0.3095 0.0030 -0.0030 0.5010 -0.8654
1628410613.555546761 -2.5462 2.6194 -0.3102 0.0030 -0.0034 0.5167 -0.8562
1628410613.605666399 -2.5303 2.5661 -0.3109 0.0031 -0.0037 0.5322 -0.8466
1628410613.655786037 -2.5145 2.5128 -0.3116 0.0031 -0.0041 0.5477 -0.8367
1628410613.705905914 -2.4987 2.4595 -0.3123 0.0031 -0.0044 0.5630 -0.8265
1628410613.756025553 -2.4829 2.4063 -0.3131 0.0032 -0.0048 0.5781 -0.8160
1628410613.806145191 -2.4670 2.3530 -0.3138 0.0032 -0.0051 0.5931 -0.8051
1628410613.856265068 -2.4512 2.2997 -0.3145 0.0032 -0.0055 0.6078 -0.7941
1628410613.906384706 -2.4354 2.2464 -0.3152 0.0032 -0.0058 0.6224 -0.7827
1628410613.956504345 -2.4196 2.1931 -0.3159 0.0033 -0.0062 0.6367 -0.7711
1628410614.006623983 -2.4037 2.1398 -0.3166 0.0033 -0.0065 0.6508 -0.7592
1628410614.056743622 -2.3879 2.0865 -0.3173 0.0033 -0.0068 0.6647 -0.7471
1628410614.106863499 -2.3721 2.0332 -0.3180 0.0033 -0.0072 0.6783 -0.7348
1628410614.156983137 -2.3563 1.9799 -0.3187 0.0034 -0.0075 0.6916 -0.7223
1628410614.207102776 -2.3404 1.9266 -0.3194 0.0034 -0.0078 0.7046 -0.7096
1628410614.257222652 -2.3246 1.8734 -0.3202 0.0034 -0.0081 0.7173 -0.6967
1628410614.307342291 -2.3088 1.8201 -0.3209 0.0034 -0.0084 0.7298 -0.6836
1628410614.357461929 -2.2930 1.7668 -0.3216 0.0034 -0.0088 0.7419 -0.6704
1628410614.407561302 -2.3260 1.7181 -0.3219 0.0033 -0.0090 0.7550 -0.6556
1628410614.457660913 -2.3591 1.6695 -0.3223 0.0033 -0.0093 0.7680 -0.6404
1628410614.507760286 -2.3922 1.6208 -0.3227 0.0032 -0.0095 0.7807 -0.6248
1628410614.557859659 -2.4253 1.5722 -0.3231 0.0031 -0.0098 0.7932 -0.6089
1628410614.607959270 -2.4584 1.5236 -0.3234 0.0030 -0.0100 0.8054 -0.5927
1628410614.658058643 -2.4914 1.4749 -0.3238 0.0029 -0.0103 0.8173 -0.5761
1628410614.708158016 -2.5245 1.4263 -0.3242 0.0028 -0.0105 0.8289 -0.5593
1628410614.758257389 -2.5576 1.3776 -0.3246 0.0027 -0.0108 0.8402 -0.5422
1628410614.808357000 -2.5907 1.3290 -0.3250 0.0026 -0.0110 0.8512 -0.5248
1628410614.858456373 -2.6238 1.2803 -0.3253 0.0025 -0.0112 0.8618 -0.5072
1628410614.908555746 -2.6569 1.2317 -0.3257 0.0024 -0.0115 0.8720 -0.4893
1628410614.958655357 -2.6899 1.1830 -0.3261 0.0023 -0.0117 0.8819 -0.4713
1628410615.008754730 -2.7230 1.1344 -0.3265 0.0022 -0.0119 0.8914 -0.4531
1628410615.058854103 -2.7561 1.0858 -0.3268 0.0021 -0.0121 0.9005 -0.4348
1628410615.108953476 -2.7892 1.0371 -0.3272 0.0020 -0.0123 0.9091 -0.4163
1628410615.159053087 -2.8223 0.9885 -0.3276 0.0019 -0.0125 0.9174 -0.3978
1628410615.209152460 -2.8553 0.9398 -0.3280 0.0017 -0.0127 0.9253 -0.3791
1628410615.259251833 -2.8884 0.8912 -0.3283 0.0016 -0.0129 0.9327 -0.3605
1628410615.309351444 -2.9215 0.8425 -0.3287 0.0015 -0.0131 0.9397 -0.3418
1628410615.359450817 -2.9546 0.7939 -0.3291 0.0014 -0.0133 0.9463 -0.3231
1628410615.409527779 -3.0195 0.7826 -0.3289 0.0013 -0.0134 0.9523 -0.3049
1628410615.459604740 -3.0844 0.7714 -0.3287 0.0013 -0.0135 0.9580 -0.2866
1628410615.509681940 -3.1493 0.7601 -0.3284 0.0012 -0.0137 0.9633 -0.2680
1628410615.559758902 -3.2142 0.7488 -0.3282 0.0011 -0.0138 0.9684 -0.2491
1628410615.609835863 -3.2792 0.7376 -0.3280 0.0010 -0.0139 0.9731 -0.2302
1628410615.659912825 -3.3441 0.7263 -0.3278 0.0009 -0.0140 0.9774 -0.2110
1628410615.709989786 -3.4090 0.7150 -0.3276 0.0008 -0.0141 0.9814 -0.1917
1628410615.760066986 -3.4739 0.7038 -0.3274 0.0007 -0.0142 0.9849 -0.1723
1628410615.810143948 -3.5388 0.6925 -0.3271 0.0006 -0.0143 0.9882 -0.1528
1628410615.860220909 -3.6038 0.6812 -0.3269 0.0006 -0.0144 0.9910 -0.1332
1628410615.910297871 -3.6687 0.6700 -0.3267 0.0005 -0.0145 0.9934 -0.1136
1628410615.960374832 -3.7336 0.6587 -0.3265 0.0004 -0.0145 0.9955 -0.0939
1628410616.010452032 -3.7985 0.6474 -0.3263 0.0003 -0.0146 0.9971 -0.0742
1628410616.060528994 -3.8634 0.6362 -0.3261 0.0002 -0.0147 0.9984 -0.0546
1628410616.110605955 -3.9283 0.6249 -0.3258 0.0001 -0.0147 0.9993 -0.0349
1628410616.160682917 -3.9933 0.6136 -0.3256 0.0000 -0.0148 0.9998 -0.0154
1628410616.210759878 -4.0582 0.6024 -0.3254 -0.0001 -0.0148 0.9999 0.0041
1628410616.260837078 -4.1231 0.5911 -0.3252 -0.0002 -0.0149 0.9996 0.0234
1628410616.310914040 -4.1880 0.5798 -0.3250 -0.0002 -0.0149 0.9990 0.0427
1628410616.360991001 -4.2529 0.5686 -0.3248 -0.0003 -0.0149 0.9980 0.0618
1628410616.411089897 -4.2992 0.6074 -0.3243 -0.0005 -0.0148 0.9966 0.0808
1628410616.461188793 -4.3454 0.6461 -0.3238 -0.0006 -0.0148 0.9949 0.0999
1628410616.511287451 -4.3916 0.6849 -0.3233 -0.0007 -0.0147 0.9928 0.1191
1628410616.561386347 -4.4379 0.7237 -0.3228 -0.0008 -0.0146 0.9903 0.1383
1628410616.611485243 -4.4841 0.7625 -0.3223 -0.0009 -0.0145 0.9874 0.1576
1628410616.661583900 -4.5304 0.8013 -0.3219 -0.0010 -0.0144 0.9841 0.1769
1628410616.711682796 -4.5766 0.8401 -0.3214 -0.0012 -0.0143 0.9805 0.1962
1628410616.761781693 -4.6228 0.8789 -0.3209 -0.0013 -0.0141 0.9764 0.2154
1628410616.811880589 -4.6691 0.9177 -0.3204 -0.0014 -0.0140 0.9720 0.2346
1628410616.861979485 -4.7153 0.9565 -0.3199 -0.0015 -0.0139 0.9672 0.2537
1628410616.912078142 -4.7615 0.9953 -0.3194 -0.0016 -0.0137 0.9620 0.2728
1628410616.962177038 -4.8078 1.0341 -0.3190 -0.0018 -0.0136 0.9564 0.2917
1628410617.012275934 -4.8540 1.0729 -0.3185 -0.0019 -0.0135 0.9505 0.3104
1628410617.062374592 -4.9002 1.1117 -0.3180 -0.0020 -0.0133 0.9442 0.3290
1628410617.112473488 -4.9465 1.1505 -0.3175 -0.0021 -0.0132 0.9376 0.3474
1628410617.162572384 -4.9927 1.1893 -0.3170 -0.0022 -0.0130 0.9307 0.3656
1628410617.212671280 -5.0390 1.2281 -0.3165 -0.0023 -0.0128 0.9234 0.3836
1628410617.262770176 -5.0852 1.2669 -0.3161 -0.0024 -0.0127 0.9158 0.4014
1628410617.312868834 -5.1314 1.3057 -0.3156 -0.0025 -0.0125 0.9080 0.4189
1628410617.362967730 -5.1777 1.3445 -0.3151 -0.0027 -0.0123 0.8998 0.4361
1628410617.413066387 -5.1859 1.4002 -0.3154 -0.0030 -0.0123 0.8914 0.4530
1628410617.463165283 -5.1942 1.4559 -0.3158 -0.0033 -0.0123 0.8826 0.4699
1628410617.513263941 -5.2024 1.5117 -0.3162 -0.0036 -0.0122 0.8735 0.4867
1628410617.563362837 -5.2107 1.5674 -0.3165 -0.0040 -0.0122 0.8639 0.5035
1628410617.613461494 -5.2189 1.6231 -0.3169 -0.0043 -0.0122 0.8540 0.5201
1628410617.663560390 -5.2272 1.6789 -0.3172 -0.0046 -0.0121 0.8438 0.5366
1628410617.713659048 -5.2354 1.7346 -0.3176 -0.0049 -0.0121 0.8332 0.5529
1628410617.763757944 -5.2437 1.7903 -0.3179 -0.0053 -0.0120 0.8222 0.5690
1628410617.813856602 -5.2519 1.8460 -0.3183 -0.0056 -0.0120 0.8109 0.5850
1628410617.863955498 -5.2602 1.9018 -0.3187 -0.0059 -0.0119 0.7993 0.6008
1628410617.914054155 -5.2684 1.9575 -0.3190 -0.0062 -0.0118 0.7874 0.6163
1628410617.964152813 -5.2767 2.0132 -0.3194 -0.0065 -0.0118 0.7752 0.6316
1628410618.014251709 -5.2849 2.0690 -0.3197 -0.0068 -0.0117 0.7627 0.6466
1628410618.064350367 -5.2932 2.1247 -0.3201 -0.0072 -0.0116 0.7500 0.6613
1628410618.114449263 -5.3014 2.1804 -0.3204 -0.0075 -0.0115 0.7370 0.6757
1628410618.164547920 -5.3097 2.2361 -0.3208 -0.0078 -0.0114 0.7238 0.6899
1628410618.214646816 -5.3179 2.2919 -0.3211 -0.0081 -0.0113 0.7104 0.7037
1628410618.264745474 -5.3262 2.3476 -0.3215 -0.0083 -0.0112 0.6968 0.7171
1628410618.314844370 -5.3344 2.4033 -0.3219 -0.0086 -0.0111 0.6830 0.7303
1628410618.364943027 -5.3426 2.4591 -0.3222 -0.0089 -0.0110 0.6691 0.7431
1628410618.415049791 -5.3130 2.5188 -0.3222 -0.0082 -0.0106 0.6692 0.7429
1628410618.465156794 -5.2833 2.5786 -0.3221 -0.0076 -0.0102 0.6694 0.7428
1628410618.515263557 -5.2536 2.6384 -0.3220 -0.0069 -0.0097 0.6695 0.7427
1628410618.565370321 -5.2239 2.6981 -0.3220 -0.0062 -0.0093 0.6696 0.7426
1628410618.615477085 -5.1942 2.7579 -0.3219 -0.0055 -0.0089 0.6698 0.7425
1628410618.665584087 -5.1645 2.8177 -0.3218 -0.0048 -0.0084 0.6699 0.7424
1628410618.715690851 -5.1348 2.8774 -0.3218 -0.0042 -0.0080 0.6700 0.7423
1628410618.765797615 -5.1051 2.9372 -0.3217 -0.0035 -0.0076 0.6702 0.7421
1628410618.815904617 -5.0754 2.9970 -0.3216 -0.0028 -0.0071 0.6703 0.7420
1628410618.866011381 -5.0457 3.0567 -0.3216 -0.0021 -0.0067 0.6705 0.7419
1628410618.916118145 -5.0160 3.1165 -0.3215 -0.0014 -0.0063 0.6706 0.7418
1628410618.966225147 -4.9863 3.1763 -0.3215 -0.0008 -0.0058 0.6707 0.7417
1628410619.016331911 -4.9566 3.2360 -0.3214 -0.0001 -0.0054 0.6709 0.7416
1628410619.066438675 -4.9269 3.2958 -0.3213 0.0006 -0.0050 0.6710 0.7414
1628410619.116545677 -4.8972 3.3556 -0.3213 0.0013 -0.0045 0.6711 0.7413
1628410619.166652441 -4.8675 3.4153 -0.3212 0.0020 -0.0041 0.6713 0.7412
1628410619.216759205 -4.8378 3.4751 -0.3211 0.0026 -0.0037 0.6714 0.7411
1628410619.266865969 -4.8081 3.5349 -0.3211 0.0033 -0.0032 0.6715 0.7410
1628410619.316972971 -4.7784 3.5947 -0.3210 0.0040 -0.0028 0.6717 0.7408
1628410619.367079735 -4.7487 3.6544 -0.3209 0.0047 -0.0024 0.6718 0.7407
1628410619.417170525 -4.7807 3.7115 -0.3206 0.0046 -0.0021 0.6859 0.7277
1628410619.467261314 -4.8128 3.7686 -0.3202 0.0045 -0.0019 0.6998 0.7143
1628410619.517351866 -4.8448 3.8256 -0.3198 0.0044 -0.0016 0.7135 0.7006
1628410619.567442656 -4.8768 3.8827 -0.3195 0.0043 -0.0013 0.7271 0.6866
1628410619.617533445 -4.9089 3.9397 -0.3191 0.0042 -0.0011 0.7404 0.6722
1628410619.667624235 -4.9409 3.9968 -0.3187 0.0041 -0.0008 0.7535 0.6575
1628410619.717715025 -4.9729 4.0539 -0.3184 0.0040 -0.0005 0.7663 0.6425
1628410619.767805576 -5.0050 4.1109 -0.3180 0.0038 -0.0003 0.7789 0.6272
1628410619.817896366 -5.0370 4.1680 -0.3176 0.0037 0.0000 0.7912 0.6116
1628410619.867987156 -5.0691 4.2251 -0.3172 0.0036 0.0003 0.8031 0.5958
1628410619.918077946 -5.1011 4.2821 -0.3169 0.0035 0.0005 0.8148 0.5797
1628410619.968168736 -5.1331 4.3392 -0.3165 0.0034 0.0008 0.8261 0.5634
1628410620.018259287 -5.1652 4.3963 -0.3161 0.0033 0.0011 0.8371 0.5470
1628410620.068350077 -5.1972 4.4533 -0.3158 0.0032 0.0014 0.8478 0.5303
1628410620.118440866 -5.2292 4.5104 -0.3154 0.0030 0.0016 0.8581 0.5135
1628410620.168531656 -5.2613 4.5675 -0.3150 0.0029 0.0019 0.8680 0.4966
1628410620.218622446 -5.2933 4.6245 -0.3146 0.0028 0.0021 0.8775 0.4796
1628410620.268712997 -5.3253 4.6816 -0.3143 0.0027 0.0024 0.8866 0.4625
1628410620.318803787 -5.3574 4.7387 -0.3139 0.0026 0.0027 0.8954 0.4453
1628410620.368894577 -5.3894 4.7957 -0.3135 0.0024 0.0029 0.9038 0.4280
1628410620.418993711 -5.4486 4.8082 -0.3141 0.0022 0.0031 0.9118 0.4107
1628410620.469092846 -5.5079 4.8207 -0.3146 0.0021 0.0032 0.9195 0.3930
1628410620.519191742 -5.5671 4.8331 -0.3151 0.0019 0.0033 0.9270 0.3751
1628410620.569290876 -5.6263 4.8456 -0.3157 0.0017 0.0035 0.9341 0.3570
1628410620.619390011 -5.6856 4.8581 -0.3162 0.0015 0.0036 0.9409 0.3387
1628410620.669489145 -5.7448 4.8705 -0.3168 0.0013 0.0037 0.9474 0.3201
1628410620.719588280 -5.8040 4.8830 -0.3173 0.0011 0.0038 0.9535 0.3014
1628410620.769687176 -5.8633 4.8955 -0.3178 0.0009 0.0040 0.9593 0.2825
1628410620.819786310 -5.9225 4.9080 -0.3184 0.0007 0.0041 0.9647 0.2635
1628410620.869885445 -5.9817 4.9204 -0.3189 0.0005 0.0042 0.9697 0.2444
1628410620.919984579 -6.0410 4.9329 -0.3195 0.0003 0.0044 0.9743 0.2251
1628410620.970083714 -6.1002 4.9454 -0.3200 0.0001 0.0045 0.9786 0.2058
1628410621.020182610 -6.1594 4.9578 -0.3205 -0.0001 0.0046 0.9825 0.1864
1628410621.070281744 -6.2187 4.9703 -0.3211 -0.0003 0.0047 0.9859 0.1670
1628410621.120380878 -6.2779 4.9828 -0.3216 -0.0005 0.0048 0.9890 0.1476
1628410621.170480013 -6.3371 4.9952 -0.3221 -0.0007 0.0049 0.9917 0.1283
1628410621.220579147 -6.3964 5.0077 -0.3227 -0.0009 0.0051 0.9940 0.1089
1628410621.270678043 -6.4556 5.0202 -0.3232 -0.0010 0.0052 0.9960 0.0897
1628410621.320777178 -6.5148 5.0326 -0.3238 -0.0012 0.0053 0.9975 0.0705
1628410621.370876312 -6.5741 5.0451 -0.3243 -0.0014 0.0054 0.9987 0.0514
1628410621.420982361 -6.6112 5.0279 -0.3239 -0.0015 0.0053 0.9994 0.0340
1628410621.471088409 -6.6484 5.0106 -0.3235 -0.0016 0.0052 0.9998 0.0165
1628410621.521194458 -6.6856 4.9934 -0.3231 -0.0016 0.0051 1.0000 -0.0011
1628410621.571300268 -6.7227 4.9762 -0.3226 -0.0017 0.0050 0.9998 -0.0188
1628410621.621406317 -6.7599 4.9589 -0.3222 -0.0017 0.0050 0.9993 -0.0366
1628410621.671512365 -6.7971 4.9417 -0.3218 -0.0018 0.0049 0.9985 -0.0543
1628410621.721618414 -6.8343 4.9245 -0.3214 -0.0019 0.0048 0.9974 -0.0722
1628410621.771724463 -6.8714 4.9072 -0.3210 -0.0019 0.0047 0.9959 -0.0900
1628410621.821830511 -6.9086 4.8900 -0.3206 -0.0020 0.0046 0.9942 -0.1078
1628410621.871936321 -6.9458 4.8728 -0.3202 -0.0021 0.0045 0.9921 -0.1256
1628410621.922042370 -6.9829 4.8555 -0.3197 -0.0021 0.0044 0.9897 -0.1434
1628410621.972148418 -7.0201 4.8383 -0.3193 -0.0022 0.0043 0.9869 -0.1611
1628410622.022254467 -7.0573 4.8211 -0.3189 -0.0022 0.0042 0.9839 -0.1787
1628410622.072360516 -7.0944 4.8038 -0.3185 -0.0023 0.0041 0.9805 -0.1962
1628410622.122466564 -7.1316 4.7866 -0.3181 -0.0023 0.0040 0.9769 -0.2137
1628410622.172572613 -7.1688 4.7694 -0.3177 -0.0024 0.0039 0.9730 -0.2310
1628410622.222678423 -7.2060 4.7521 -0.3172 -0.0025 0.0038 0.9687 -0.2481
1628410622.272784472 -7.2431 4.7349 -0.3168 -0.0025 0.0037 0.9642 -0.2651
1628410622.322890520 -7.2803 4.7176 -0.3164 -0.0026 0.0035 0.9594 -0.2820
1628410622.372996569 -7.3175 4.7004 -0.3160 -0.0026 0.0034 0.9543 -0.2987
1628410622.423087835 -7.3432 4.6582 -0.3152 -0.0027 0.0035 0.9488 -0.3157
1628410622.473178864 -7.3689 4.6160 -0.3145 -0.0028 0.0035 0.9430 -0.3327
1628410622.523270130 -7.3946 4.5738 -0.3137 -0.0029 0.0035 0.9368 -0.3498
1628410622.573361397 -7.4204 4.5316 -0.3129 -0.0030 0.0036 0.9303 -0.3668
1628410622.623452663 -7.4461 4.4894 -0.3121 -0.0031 0.0036 0.9235 -0.3837
1628410622.673543692 -7.4718 4.4471 -0.3114 -0.0032 0.0036 0.9163 -0.4005
1628410622.723634958 -7.4975 4.4049 -0.3106 -0.0033 0.0037 0.9087 -0.4173
1628410622.773726225 -7.5233 4.3627 -0.3098 -0.0034 0.0037 0.9009 -0.4340
1628410622.823817253 -7.5490 4.3205 -0.3091 -0.0035 0.0037 0.8927 -0.4505
1628410622.873908520 -7.5747 4.2783 -0.3083 -0.0036 0.0038 0.8843 -0.4669
1628410622.923999786 -7.6005 4.2361 -0.3075 -0.0037 0.0038 0.8755 -0.4832
1628410622.974090815 -7.6262 4.1939 -0.3068 -0.0038 0.0038 0.8665 -0.4992
1628410623.024182081 -7.6519 4.1517 -0.3060 -0.0039 0.0038 0.8571 -0.5151
1628410623.074273348 -7.6776 4.1095 -0.3052 -0.0040 0.0039 0.8475 -0.5308
1628410623.124364376 -7.7034 4.0673 -0.3044 -0.0041 0.0039 0.8376 -0.5462
1628410623.174455643 -7.7291 4.0250 -0.3037 -0.0041 0.0039 0.8275 -0.5614
1628410623.224546909 -7.7548 3.9828 -0.3029 -0.0042 0.0039 0.8172 -0.5764
1628410623.274638176 -7.7805 3.9406 -0.3021 -0.0043 0.0039 0.8066 -0.5911
1628410623.324729204 -7.8063 3.8984 -0.3014 -0.0044 0.0040 0.7958 -0.6055
1628410623.374820471 -7.8320 3.8562 -0.3006 -0.0045 0.0040 0.7848 -0.6197
1628410623.424919844 -7.8174 3.8054 -0.3011 -0.0045 0.0037 0.7779 -0.6284
1628410623.475019455 -7.8029 3.7546 -0.3016 -0.0045 0.0034 0.7709 -0.6370
1628410623.525118828 -7.7884 3.7038 -0.3021 -0.0045 0.0032 0.7637 -0.6456
1628410623.575218439 -7.7738 3.6530 -0.3026 -0.0044 0.0029 0.7564 -0.6541
1628410623.625317812 -7.7593 3.6022 -0.3031 -0.0044 0.0027 0.7491 -0.6625
1628410623.675417185 -7.7447 3.5514 -0.3036 -0.0044 0.0024 0.7416 -0.6708
1628410623.725516796 -7.7302 3.5006 -0.3042 -0.0044 0.0021 0.7340 -0.6791
1628410623.775616169 -7.7157 3.4498 -0.3047 -0.0044 0.0019 0.7263 -0.6873
1628410623.825715780 -7.7011 3.3990 -0.3052 -0.0044 0.0016 0.7186 -0.6954
1628410623.875815153 -7.6866 3.3482 -0.3057 -0.0044 0.0013 0.7107 -0.7035
1628410623.925914526 -7.6720 3.2974 -0.3062 -0.0044 0.0011 0.7028 -0.7114
1628410623.976014137 -7.6575 3.2465 -0.3067 -0.0043 0.0008 0.6947 -0.7193
1628410624.026113510 -7.6430 3.1957 -0.3072 -0.0043 0.0005 0.6866 -0.7270
1628410624.076213121 -7.6284 3.1449 -0.3077 -0.0043 0.0003 0.6784 -0.7347
1628410624.126312494 -7.6139 3.0941 -0.3082 -0.0043 -0.0000 0.6701 -0.7423
1628410624.176411867 -7.5993 3.0433 -0.3087 -0.0043 -0.0003 0.6618 -0.7497
1628410624.226511478 -7.5848 2.9925 -0.3093 -0.0043 -0.0005 0.6533 -0.7571
1628410624.276610851 -7.5703 2.9417 -0.3098 -0.0043 -0.0008 0.6448 -0.7643
1628410624.326710463 -7.5557 2.8909 -0.3103 -0.0042 -0.0011 0.6363 -0.7714
1628410624.376809835 -7.5412 2.8401 -0.3108 -0.0042 -0.0013 0.6277 -0.7785
1628410624.426907778 -7.5240 2.8130 -0.3112 -0.0041 -0.0014 0.6256 -0.7801
1628410624.477005482 -7.5069 2.7858 -0.3116 -0.0041 -0.0014 0.6236 -0.7818
1628410624.527103424 -7.4898 2.7587 -0.3119 -0.0040 -0.0015 0.6215 -0.7834
1628410624.577201128 -7.4726 2.7316 -0.3123 -0.0039 -0.0015 0.6194 -0.7850
1628410624.627299070 -7.4555 2.7044 -0.3127 -0.0039 -0.0016 0.6173 -0.7867
1628410624.677396774 -7.4383 2.6773 -0.3131 -0.0038 -0.0016 0.6153 -0.7883
1628410624.727494717 -7.4212 2.6501 -0.3135 -0.0037 -0.0017 0.6132 -0.7899
1628410624.777592421 -7.4041 2.6230 -0.3139 -0.0037 -0.0017 0.6111 -0.7915
1628410624.827690363 -7.3869 2.5959 -0.3142 -0.0036 -0.0018 0.6090 -0.7932
1628410624.877788067 -7.3698 2.5687 -0.3146 -0.0035 -0.0018 0.6069 -0.7948
1628410624.927886009 -7.3527 2.5416 -0.3150 -0.0035 -0.0018 0.6048 -0.7964
1628410624.977983952 -7.3355 2.5144 -0.3154 -0.0034 -0.0019 0.6027 -0.7980
1628410625.028081656 -7.3184 2.4873 -0.3158 -0.0033 -0.0019 0.6006 -0.7995
1628410625.078179598 -7.3012 2.4602 -0.3162 -0.0032 -0.0020 0.5985 -0.8011
1628410625.128277302 -7.2841 2.4330 -0.3166 -0.0032 -0.0020 0.5964 -0.8027
1628410625.178375244 -7.2670 2.4059 -0.3169 -0.0031 -0.0021 0.5942 -0.8043
1628410625.228472948 -7.2498 2.3788 -0.3173 -0.0030 -0.0021 0.5921 -0.8058
1628410625.278570890 -7.2327 2.3516 -0.3177 -0.0030 -0.0022 0.5900 -0.8074
1628410625.328668594 -7.2156 2.3245 -0.3181 -0.0029 -0.0022 0.5879 -0.8090
1628410625.378766537 -7.1984 2.2973 -0.3185 -0.0028 -0.0022 0.5857 -0.8105
1628410625.428866863 -7.1995 2.2895 -0.3194 -0.0029 -0.0023 0.5851 -0.8110
1628410625.478966951 -7.2005 2.2816 -0.3203 -0.0029 -0.0023 0.5844 -0.8115
1628410625.529067278 -7.2016 2.2737 -0.3212 -0.0029 -0.0023 0.5837 -0.8119
1628410625.579167604 -7.2026 2.2659 -0.3220 -0.0029 -0.0024 0.5831 -0.8124
1628410625.629267693 -7.2037 2.2580 -0.3229 -0.0030 -0.0024 0.5824 -0.8129
1628410625.679368019 -7.2048 2.2501 -0.3238 -0.0030 -0.0024 0.5818 -0.8134
1628410625.729468346 -7.2058 2.2423 -0.3247 -0.0030 -0.0024 0.5811 -0.8138
1628410625.779568672 -7.2069 2.2344 -0.3256 -0.0030 -0.0025 0.5804 -0.8143
1628410625.829668760 -7.2079 2.2266 -0.3265 -0.0031 -0.0025 0.5798 -0.8148
1628410625.879769087 -7.2090 2.2187 -0.3274 -0.0031 -0.0025 0.5791 -0.8152
1628410625.929869413 -7.2100 2.2108 -0.3283 -0.0031 -0.0026 0.5785 -0.8157
1628410625.979969501 -7.2111 2.2030 -0.3292 -0.0031 -0.0026 0.5778 -0.8162
1628410626.030069828 -7.2122 2.1951 -0.3301 -0.0032 -0.0026 0.5771 -0.8166
1628410626.080170155 -7.2132 2.1872 -0.3310 -0.0032 -0.0026 0.5765 -0.8171
1628410626.130270481 -7.2143 2.1794 -0.3319 -0.0032 -0.0027 0.5758 -0.8176
1628410626.180370569 -7.2153 2.1715 -0.3328 -0.0032 -0.0027 0.5751 -0.8180
1628410626.230470896 -7.2164 2.1636 -0.3337 -0.0033 -0.0027 0.5745 -0.8185
1628410626.280571222 -7.2175 2.1558 -0.3346 -0.0033 -0.0027 0.5738 -0.8190
1628410626.330671310 -7.2185 2.1479 -0.3354 -0.0033 -0.0028 0.5732 -0.8194
1628410626.380771637 -7.2196 2.1400 -0.3363 -0.0033 -0.0028 0.5725 -0.8199
1628410626.430876255 -7.2241 2.1368 -0.3359 -0.0032 -0.0027 0.5726 -0.8198
1628410626.480981112 -7.2286 2.1335 -0.3355 -0.0031 -0.0026 0.5727 -0.8198
1628410626.531085968 -7.2331 2.1302 -0.3351 -0.0030 -0.0026 0.5728 -0.8197
1628410626.581190586 -7.2376 2.1269 -0.3347 -0.0029 -0.0025 0.5728 -0.8197
1628410626.631295204 -7.2421 2.1237 -0.3342 -0.0027 -0.0024 0.5729 -0.8196
1628410626.681400061 -7.2466 2.1204 -0.3338 -0.0026 -0.0023 0.5730 -0.8195
1628410626.731504917 -7.2511 2.1171 -0.3334 -0.0025 -0.0022 0.5731 -0.8195
1628410626.781609535 -7.2556 2.1138 -0.3330 -0.0024 -0.0021 0.5732 -0.8194
1628410626.831714153 -7.2601 2.1106 -0.3326 -0.0023 -0.0020 0.5733 -0.8193
1628410626.881819010 -7.2646 2.1073 -0.3321 -0.0021 -0.0020 0.5734 -0.8193
1628410626.931923866 -7.2691 2.1040 -0.3317 -0.0020 -0.0019 0.5735 -0.8192
1628410626.982028484 -7.2736 2.1007 -0.3313 -0.0019 -0.0018 0.5736 -0.8192
1628410627.032133102 -7.2781 2.0974 -0.3309 -0.0018 -0.0017 0.5737 -0.8191
1628410627.082237959 -7.2826 2.0942 -0.3305 -0.0016 -0.0016 0.5737 -0.8190
1628410627.132342815 -7.2871 2.0909 -0.3300 -0.0015 -0.0015 0.5738 -0.8190
1628410627.182447433 -7.2916 2.0876 -0.3296 -0.0014 -0.0015 0.5739 -0.8189
1628410627.232552052 -7.2961 2.0843 -0.3292 -0.0013 -0.0014 0.5740 -0.8188
1628410627.282656908 -7.3006 2.0811 -0.3288 -0.0012 -0.0013 0.5741 -0.8188
1628410627.332761765 -7.3051 2.0778 -0.3284 -0.0010 -0.0012 0.5742 -0.8187
1628410627.382866383 -7.3096 2.0745 -0.3279 -0.0009 -0.0011 0.5743 -0.8187
