1628410560.590000153 -13.6972 -4.1758 -4.9107 0 0 0 0
1628410560.690000057 -13.7417 -4.1242 -4.9107 0 0 0 0
1628410560.860000134 -13.8523 -3.9811 -4.9087 0 0 0 0
1628410560.970000029 -13.8973 -3.9298 -4.9071 0 0 0 0
1628410561.140000105 -13.9486 -3.8812 -4.9065 0 0 0 0
1628410561.430000067 -14.0331 -3.8158 -4.9057 0 0 0 0
1628410561.570000172 -14.2352 -3.6803 -4.9022 0 0 0 0
1628410561.740000010 -14.4093 -3.5858 -4.9002 0 0 0 0
1628410561.890000105 -14.4879 -3.5465 -4.8996 0 0 0 0
1628410562.040000200 -14.5956 -3.4730 -4.9031 0 0 0 0
1628410562.160000086 -14.6219 -3.4520 -4.9049 0 0 0 0
1628410562.400000095 -14.6069 -3.4597 -4.9049 0 0 0 0
1628410562.550000191 -14.5859 -3.4771 -4.9040 0 0 0 0
1628410562.680000067 -14.5118 -3.5383 -4.9026 0 0 0 0
1628410562.860000134 -14.3923 -3.6280 -4.9038 0 0 0 0
1628410563.040000200 -14.2349 -3.7280 -4.9066 0 0 0 0
1628410563.140000105 -14.1606 -3.7702 -4.9076 0 0 0 0
1628410563.320000172 -14.0834 -3.8074 -4.9076 0 0 0 0
1628410563.470000029 -13.8737 -3.8907 -4.9095 0 0 0 0
1628410563.590000153 -13.7876 -3.9192 -4.9099 0 0 0 0
1628410563.750000000 -13.6493 -3.9575 -4.9102 0 0 0 0
1628410563.900000095 -13.4663 -3.9863 -4.9108 0 0 0 0
1628410564.040000200 -13.2424 -4.0058 -4.9118 0 0 0 0
1628410564.140000105 -13.1549 -4.0076 -4.9130 0 0 0 0
1628410564.350000143 -13.0220 -3.9956 -4.9134 0 0 0 0
1628410564.470000029 -12.8525 -3.9748 -4.9147 0 0 0 0
1628410564.570000172 -12.7702 -3.9612 -4.9144 0 0 0 0
1628410564.720000029 -12.6579 -3.9333 -4.9146 0 0 0 0
1628410564.890000105 -12.4863 -3.8724 -4.9152 0 0 0 0
1628410564.990000010 -12.4212 -3.8498 -4.9155 0 0 0 0
1628410565.140000105 -12.3307 -3.8156 -4.9162 0 0 0 0
1628410565.250000000 -12.2772 -3.7909 -4.9160 0 0 0 0
1628410565.390000105 -12.2068 -3.7525 -4.9156 0 0 0 0
1628410565.490000010 -12.1229 -3.7083 -4.9162 0 0 0 0
1628410565.640000105 -12.0850 -3.6891 -4.9167 0 0 0 0
1628410565.860000134 -12.0191 -3.6500 -4.9170 0 0 0 0
1628410565.960000038 -11.9438 -3.6016 -4.9176 0 0 0 0
1628410566.080000162 -11.8796 -3.5577 -4.9178 0 0 0 0
1628410566.210000038 -11.8475 -3.5326 -4.9176 0 0 0 0
1628410566.490000010 -11.7773 -3.4774 -4.9179 0 0 0 0
1628410566.730000019 -11.6529 -3.3387 -4.9178 0 0 0 0
1628410566.860000134 -11.5977 -3.2690 -4.9163 0 0 0 0
1628410566.980000019 -11.5588 -3.2246 -4.9165 0 0 0 0
1628410567.150000095 -11.4301 -3.0932 -4.9161 0 0 0 0
1628410567.270000219 -11.3608 -3.0277 -4.9159 0 0 0 0
1628410567.420000076 -11.2857 -2.9647 -4.9148 0 0 0 0
1628410567.580000162 -11.1672 -2.8964 -4.9138 0 0 0 0
1628410567.759999990 -11.0557 -2.8525 -4.9138 0 0 0 0
1628410567.910000086 -10.9823 -2.8245 -4.9129 0 0 0 0
1628410568.070000172 -10.9222 -2.7999 -4.9125 0 0 0 0
1628410568.230000019 -10.9270 -2.8042 -4.9126 0 0 0 0
1628410568.430000067 -10.9585 -2.8160 -4.9129 0 0 0 0
1628410568.550000191 -11.0165 -2.8365 -4.9120 0 0 0 0
1628410568.660000086 -11.0545 -2.8515 -4.9118 0 0 0 0
1628410568.759999990 -11.1239 -2.8788 -4.9108 0 0 0 0
1628410568.880000114 -11.1743 -2.8951 -4.9125 0 0 0 0
1628410569.030000210 -11.3214 -2.9337 -4.9123 0 0 0 0
1628410569.150000095 -11.3831 -2.9500 -4.9126 0 0 0 0
1628410569.250000000 -11.4773 -2.9752 -4.9124 0 0 0 0
1628410569.430000067 -11.6054 -3.0159 -4.9125 0 0 0 0
1628410569.550000191 -11.6702 -3.0417 -4.9127 0 0 0 0
1628410569.710000038 -11.7334 -3.0667 -4.9123 0 0 0 0
1628410569.890000105 -11.9175 -3.1470 -4.9129 0 0 0 0
1628410570.060000181 -12.0281 -3.2136 -4.9127 0 0 0 0
1628410570.290000200 -12.1546 -3.3160 -4.9129 0 0 0 0
1628410570.430000067 -12.2726 -3.4216 -4.9140 0 0 0 0
1628410570.540000200 -12.3137 -3.4661 -4.9139 0 0 0 0
1628410570.690000057 -12.3527 -3.5140 -4.9142 0 0 0 0
1628410570.830000162 -12.4435 -3.6302 -4.9142 0 0 0 0
1628410570.950000048 -12.4921 -3.7059 -4.9148 0 0 0 0
1628410571.080000162 -12.5197 -3.7562 -4.9147 0 0 0 0
1628410571.250000000 -12.5858 -3.8958 -4.9150 0 0 0 0
1628410571.350000143 -12.6223 -3.9762 -4.9145 0 0 0 0
1628410571.490000010 -12.6581 -4.0656 -4.9152 0 0 0 0
1628410571.759999990 -12.6828 -4.1607 -4.9151 0 0 0 0
1628410571.900000095 -12.7100 -4.3319 -4.9158 0 0 0 0
1628410572.070000172 -12.7303 -4.5069 -4.9147 0 0 0 0
1628410572.250000000 -12.7300 -4.6514 -4.9160 0 0 0 0
1628410572.410000086 -12.7111 -4.8017 -4.9169 0 0 0 0
1628410572.550000191 -12.6935 -4.9148 -4.9166 0 0 0 0
1628410572.750000000 -12.6415 -5.1024 -4.9187 0 0 0 0
1628410572.920000076 -12.5914 -5.2114 -4.9191 0 0 0 0
1628410573.030000210 -12.5585 -5.2790 -4.9201 0 0 0 0
1628410573.160000086 -12.5248 -5.3439 -4.9201 0 0 0 0
1628410573.310000181 -12.4173 -5.5030 -4.9213 0 0 0 0
1628410573.420000076 -12.3753 -5.5618 -4.9211 0 0 0 0
1628410573.530000210 -12.3270 -5.6230 -4.9221 0 0 0 0
1628410573.700000048 -12.1983 -5.7711 -4.9236 0 0 0 0
1628410573.840000153 -12.1467 -5.8348 -4.9243 0 0 0 0
1628410573.990000010 -12.0367 -6.0033 -4.9259 0 0 0 0
1628410574.150000095 -11.9381 -6.1801 -4.9272 0 0 0 0
1628410574.259999990 -11.9037 -6.2517 -4.9277 0 0 0 0
1628410574.450000048 -11.8630 -6.3666 -4.9281 0 0 0 0
1628410574.560000181 -11.8429 -6.4415 -4.9287 0 0 0 0
1628410574.670000076 -11.8094 -6.5971 -4.9295 0 0 0 0
1628410574.840000153 -11.7956 -6.7120 -4.9292 0 0 0 0
1628410574.980000019 -11.7915 -6.8744 -4.9308 0 0 0 0
1628410575.140000105 -11.8078 -7.0712 -4.9313 0 0 0 0
1628410575.300000191 -11.8241 -7.1548 -4.9319 0 0 0 0
1628410575.430000067 -11.8799 -7.3551 -4.9320 0 0 0 0
1628410575.550000191 -11.9298 -7.4810 -4.9325 0 0 0 0
1628410575.720000029 -11.9928 -7.5919 -4.9325 0 0 0 0
1628410575.910000086 -12.0716 -7.7104 -4.9330 0 0 0 0
1628410576.100000143 -12.1534 -7.8208 -4.9336 0 0 0 0
1628410576.230000019 -12.3176 -7.9824 -4.9317 0 0 0 0
1628410576.390000105 -12.4745 -8.0938 -4.9317 0 0 0 0
1628410576.520000219 -12.5967 -8.1638 -4.9304 0 0 0 0
1628410576.660000086 -12.7814 -8.2407 -4.9300 0 0 0 0
1628410576.800000191 -12.9263 -8.2799 -4.9293 0 0 0 0
1628410577.340000153 -13.5415 -8.3952 -4.9253 0 0 0 0
1628410577.560000181 -13.7443 -8.4568 -4.9244 0 0 0 0
1628410577.710000038 -13.9924 -8.5699 -4.9242 0 0 0 0
1628410577.850000143 -14.2150 -8.7163 -4.9252 0 0 0 0
1628410577.950000048 -14.2965 -8.7831 -4.9246 0 0 0 0
1628410578.050000191 -14.3681 -8.8496 -4.9252 0 0 0 0
1628410578.230000019 -14.5344 -9.0429 -4.9256 0 0 0 0
1628410578.400000095 -14.5869 -9.1268 -4.9251 0 0 0 0
1628410578.520000219 -14.6391 -9.2161 -4.9256 0 0 0 0
1628410578.630000114 -14.7025 -9.3410 -4.9245 0 0 0 0
1628410578.780000210 -14.7685 -9.5201 -4.9239 0 0 0 0
1628410578.940000057 -14.7980 -9.6549 -4.9239 0 0 0 0
1628410579.100000143 -14.8301 -9.8370 -4.9232 0 0 0 0
1628410579.240000010 -14.8333 -9.9749 -4.9237 0 0 0 0
1628410579.480000019 -14.8048 -10.2959 -4.9242 0 0 0 0
1628410579.650000095 -14.7597 -10.4625 -4.9240 0 0 0 0
1628410579.870000124 -14.6725 -10.6738 -4.9245 0 0 0 0
1628410580.009999990 -14.6299 -10.7531 -4.9248 0 0 0 0
1628410580.170000076 -14.5040 -10.9425 -4.9267 0 0 0 0
1628410580.420000076 -14.3425 -11.1061 -4.9263 0 0 0 0
1628410580.540000200 -14.2270 -11.2020 -4.9263 0 0 0 0
1628410580.700000048 -14.0363 -11.3294 -4.9255 0 0 0 0
1628410580.880000114 -13.9013 -11.3892 -4.9277 0 0 0 0
1628410581.030000210 -13.6833 -11.4661 -4.9282 0 0 0 0
1628410581.160000086 -13.5900 -11.4887 -4.9289 0 0 0 0
1628410581.340000153 -13.3541 -11.5128 -4.9284 0 0 0 0
1628410581.470000029 -13.2556 -11.5123 -4.9288 0 0 0 0
1628410581.640000105 -13.0262 -11.4877 -4.9287 0 0 0 0
1628410581.770000219 -12.9375 -11.4655 -4.9273 0 0 0 0
1628410581.870000124 -12.8029 -11.4207 -4.9279 0 0 0 0
1628410582.000000000 -12.7164 -11.3894 -4.9277 0 0 0 0
1628410582.259999990 -12.5081 -11.2837 -4.9275 0 0 0 0
1628410582.380000114 -12.4321 -11.2276 -4.9281 0 0 0 0
1628410582.520000219 -12.2178 -11.0468 -4.9272 0 0 0 0
1628410582.640000105 -12.0984 -10.9062 -4.9273 0 0 0 0
1628410582.800000191 -12.0191 -10.7855 -4.9276 0 0 0 0
1628410582.950000048 -11.9971 -10.7482 -4.9278 0 0 0 0
1628410583.050000191 -11.9301 -10.6210 -4.9278 0 0 0 0
1628410583.170000076 -11.8566 -10.4477 -4.9274 0 0 0 0
1628410583.300000191 -11.8090 -10.3073 -4.9274 0 0 0 0
1628410583.400000095 -11.7653 -10.1713 -4.9272 0 0 0 0
1628410583.540000200 -11.6911 -9.9875 -4.9286 0 0 0 0
1628410583.710000038 -11.6279 -9.8521 -4.9287 0 0 0 0
1628410583.840000153 -11.5282 -9.6737 -4.9291 0 0 0 0
1628410583.960000038 -11.4731 -9.5912 -4.9294 0 0 0 0
1628410584.070000172 -11.4144 -9.5140 -4.9298 0 0 0 0
1628410584.200000048 -11.3179 -9.4023 -4.9299 0 0 0 0
1628410584.420000076 -11.1790 -9.2708 -4.9311 0 0 0 0
1628410584.550000191 -11.0704 -9.1898 -4.9316 0 0 0 0
1628410584.700000048 -10.8668 -9.0763 -4.9316 0 0 0 0
1628410584.850000143 -10.7090 -8.9967 -4.9323 0 0 0 0
1628410584.960000038 -10.6315 -8.9609 -4.9324 0 0 0 0
1628410585.140000105 -10.4915 -8.8988 -4.9314 0 0 0 0
1628410585.250000000 -10.4623 -8.8846 -4.9311 0 0 0 0
1628410585.370000124 -10.3259 -8.7933 -4.9318 0 0 0 0
1628410585.550000191 -10.2757 -8.7466 -4.9323 0 0 0 0
1628410585.750000000 -10.2347 -8.7107 -4.9334 0 0 0 0
1628410585.910000086 -10.2568 -8.7302 -4.9331 0 0 0 0
1628410586.009999990 -10.2630 -8.7359 -4.9322 0 0 0 0
1628410586.259999990 -10.3111 -8.7807 -4.9324 0 0 0 0
1628410586.430000067 -10.3457 -8.8079 -4.9320 0 0 0 0
1628410586.540000200 -10.3817 -8.8425 -4.9321 0 0 0 0
1628410586.670000076 -10.4402 -8.8914 -4.9315 0 0 0 0
1628410586.860000134 -10.5390 -8.9660 -4.9321 0 0 0 0
1628410586.970000029 -10.5778 -8.9876 -4.9322 0 0 0 0
1628410587.110000134 -10.6381 -9.0219 -4.9328 0 0 0 0
1628410587.220000029 -10.6602 -9.0355 -4.9329 0 0 0 0
1628410587.850000143 -11.0330 -9.1816 -4.9332 0 0 0 0
1628410588.000000000 -11.2065 -9.2087 -4.9332 0 0 0 0
1628410588.100000143 -11.2825 -9.2168 -4.9335 0 0 0 0
1628410588.200000048 -11.4454 -9.2221 -4.9329 0 0 0 0
1628410588.360000134 -11.6179 -9.2067 -4.9325 0 0 0 0
1628410588.509999990 -11.7513 -9.1831 -4.9325 0 0 0 0
1628410588.650000095 -11.9351 -9.1232 -4.9306 0 0 0 0
1628410588.840000153 -12.1177 -9.0461 -4.9313 0 0 0 0
1628410588.960000038 -12.2525 -8.9642 -4.9308 0 0 0 0
1628410589.090000153 -12.3773 -8.8627 -4.9300 0 0 0 0
1628410589.230000019 -12.5274 -8.7184 -4.9302 0 0 0 0
1628410589.360000134 -12.5929 -8.6380 -4.9300 0 0 0 0
1628410589.509999990 -12.6827 -8.4993 -4.9297 0 0 0 0
1628410589.650000095 -12.7749 -8.3059 -4.9289 0 0 0 0
1628410589.910000086 -12.8495 -7.9974 -4.9281 0 0 0 0
1628410590.050000191 -12.8549 -7.8058 -4.9262 0 0 0 0
1628410590.150000095 -12.8520 -7.7154 -4.9241 0 0 0 0
1628410590.300000191 -12.8482 -7.6044 -4.9236 0 0 0 0
1628410590.450000048 -12.8485 -7.5589 -4.9229 0 0 0 0
1628410590.570000172 -12.8531 -7.5341 -4.9216 0 0 0 0
1628410590.750000000 -12.8587 -7.5768 -4.9238 0 0 0 0
1628410590.910000086 -12.8446 -7.6796 -4.9229 0 0 0 0
1628410591.030000210 -12.8417 -7.7381 -4.9240 0 0 0 0
1628410591.259999990 -12.8401 -7.9149 -4.9255 0 0 0 0
1628410591.440000057 -12.8533 -8.0814 -4.9270 0 0 0 0
1628410591.570000172 -12.8790 -8.2162 -4.9282 0 0 0 0
1628410591.670000076 -12.9152 -8.3513 -4.9289 0 0 0 0
1628410591.880000114 -13.0087 -8.5838 -4.9300 0 0 0 0
1628410592.090000153 -13.1983 -8.8749 -4.9314 0 0 0 0
1628410592.240000010 -13.3363 -9.0209 -4.9317 0 0 0 0
1628410592.420000076 -13.4069 -9.0843 -4.9313 0 0 0 0
1628410592.540000200 -13.4841 -9.1463 -4.9310 0 0 0 0
1628410592.750000000 -13.7221 -9.2885 -4.9291 0 0 0 0
1628410592.860000134 -13.8895 -9.3613 -4.9279 0 0 0 0
1628410593.009999990 -14.0190 -9.4006 -4.9270 0 0 0 0
1628410593.130000114 -14.0611 -9.4101 -4.9266 0 0 0 0
1628410593.250000000 -14.1869 -9.4390 -4.9260 0 0 0 0
1628410593.509999990 -14.4758 -9.5016 -4.9243 0 0 0 0
1628410593.670000076 -14.5549 -9.5198 -4.9234 0 0 0 0
1628410593.790000200 -14.7514 -9.5918 -4.9229 0 0 0 0
1628410593.940000057 -14.8238 -9.6291 -4.9231 0 0 0 0
1628410594.050000191 -14.9321 -9.6901 -4.9218 0 0 0 0
1628410594.160000086 -14.9977 -9.7333 -4.9218 0 0 0 0
1628410594.390000105 -15.2236 -9.9217 -4.9225 0 0 0 0
1628410594.500000000 -15.3113 -10.0151 -4.9231 0 0 0 0
1628410594.650000095 -15.4174 -10.1484 -4.9238 0 0 0 0
1628410594.850000143 -15.5286 -10.3264 -4.9234 0 0 0 0
1628410594.970000029 -15.5602 -10.4075 -4.9237 0 0 0 0
1628410595.110000134 -15.6123 -10.5245 -4.9232 0 0 0 0
1628410595.280000210 -15.6649 -10.6860 -4.9229 0 0 0 0
1628410595.400000095 -15.6878 -10.8104 -4.9234 0 0 0 0
1628410595.530000210 -15.7053 -10.9421 -4.9235 0 0 0 0
1628410595.660000086 -15.7154 -11.0706 -4.9233 0 0 0 0
1628410595.900000095 -15.6890 -11.3472 -4.9232 0 0 0 0
1628410596.060000181 -15.6509 -11.5330 -4.9223 0 0 0 0
1628410596.160000086 -15.6219 -11.6217 -4.9223 0 0 0 0
1628410596.530000210 -15.5255 -11.8536 -4.9231 0 0 0 0
1628410596.670000076 -15.4237 -12.0845 -4.9238 0 0 0 0
1628410596.920000076 -15.3873 -12.1799 -4.9243 0 0 0 0
1628410597.100000143 -15.2640 -12.6311 -4.9265 0 0 0 0
1628410597.259999990 -15.2451 -12.8951 -4.9266 0 0 0 0
1628410597.390000105 -15.2514 -13.0473 -4.9272 0 0 0 0
1628410597.509999990 -15.2607 -13.1482 -4.9273 0 0 0 0
1628410597.700000048 -15.3102 -13.3878 -4.9278 0 0 0 0
1628410597.800000191 -15.3226 -13.4297 -4.9272 0 0 0 0
1628410597.930000067 -15.3625 -13.5567 -4.9276 0 0 0 0
1628410598.070000172 -15.4175 -13.7182 -4.9279 0 0 0 0
1628410598.290000200 -15.4750 -13.8996 -4.9267 0 0 0 0
1628410598.420000076 -15.4804 -13.9281 -4.9274 0 0 0 0
1628410598.600000143 -15.4853 -14.0319 -4.9278 0 0 0 0
1628410598.770000219 -15.4848 -14.0429 -4.9285 0 0 0 0
1628410598.950000048 -15.4837 -14.0132 -4.9269 0 0 0 0
1628410599.060000181 -15.4843 -13.9883 -4.9268 0 0 0 0
1628410599.160000086 -15.4825 -13.9655 -4.9276 0 0 0 0
1628410599.340000153 -15.4776 -13.9237 -4.9265 0 0 0 0
1628410599.440000057 -15.4755 -13.8523 -4.9267 0 0 0 0
1628410599.550000191 -15.4729 -13.7878 -4.9262 0 0 0 0
1628410599.720000029 -15.4666 -13.7420 -4.9269 0 0 0 0
1628410599.850000143 -15.4396 -13.6238 -4.9274 0 0 0 0
1628410599.960000038 -15.4256 -13.5747 -4.9277 0 0 0 0
1628410600.120000124 -15.4110 -13.5248 -4.9271 0 0 0 0
1628410600.230000019 -15.3739 -13.4167 -4.9273 0 0 0 0
1628410600.450000048 -15.3413 -13.3354 -4.9271 0 0 0 0
1628410600.590000153 -15.2668 -13.2017 -4.9267 0 0 0 0
1628410600.780000210 -15.2330 -13.1516 -4.9268 0 0 0 0
1628410600.970000029 -15.0888 -12.9752 -4.9263 0 0 0 0
1628410601.140000105 -14.9944 -12.8866 -4.9264 0 0 0 0
1628410601.250000000 -14.8871 -12.8017 -4.9263 0 0 0 0
1628410601.430000067 -14.7666 -12.7254 -4.9259 0 0 0 0
1628410601.590000153 -14.6686 -12.6808 -4.9260 0 0 0 0
1628410601.790000200 -14.5023 -12.6151 -4.9267 0 0 0 0
1628410601.950000048 -14.4282 -12.5924 -4.9261 0 0 0 0
1628410602.100000143 -14.2872 -12.5700 -4.9265 0 0 0 0
1628410602.259999990 -14.0770 -12.5951 -4.9253 0 0 0 0
1628410602.370000124 -14.0213 -12.6055 -4.9251 0 0 0 0
1628410602.540000200 -13.9399 -12.6188 -4.9206 0 0 0 0
1628410602.650000095 -13.9272 -12.6181 -4.9202 0 0 0 0
1628410602.759999990 -13.9535 -12.6134 -4.9219 0 0 0 0
1628410603.200000048 -14.0013 -12.6062 -4.9223 0 0 0 0
1628410603.310000181 -14.2262 -12.5655 -4.9232 0 0 0 0
1628410603.509999990 -14.4498 -12.4818 -4.9246 0 0 0 0
1628410603.670000076 -14.6062 -12.3988 -4.9256 0 0 0 0
1628410603.840000153 -14.7652 -12.2936 -4.9268 0 0 0 0
1628410603.960000038 -14.8810 -12.1933 -4.9273 0 0 0 0
1628410604.110000134 -14.9520 -12.1209 -4.9276 0 0 0 0
1628410604.330000162 -15.1360 -11.8786 -4.9280 0 0 0 0
1628410604.450000048 -15.1606 -11.8396 -4.9277 0 0 0 0
1628410604.690000057 -15.3117 -11.5171 -4.9289 0 0 0 0
1628410604.810000181 -15.3574 -11.4120 -4.9284 0 0 0 0
1628410604.930000067 -15.3717 -11.3821 -4.9284 0 0 0 0
1628410605.060000181 -15.4339 -11.2732 -4.9277 0 0 0 0
1628410605.160000086 -15.4750 -11.2161 -4.9273 0 0 0 0
1628410605.300000191 -15.5139 -11.1688 -4.9275 0 0 0 0
1628410605.450000048 -15.5584 -11.1241 -4.9272 0 0 0 0
1628410605.550000191 -15.5758 -11.1092 -4.9257 0 0 0 0
1628410605.670000076 -15.5923 -11.0957 -4.9280 0 0 0 0
1628410605.910000086 -15.6074 -11.0746 -4.9265 0 0 0 0
1628410606.110000134 -15.6007 -11.0855 -4.9283 0 0 0 0
1628410606.330000162 -15.5825 -11.1013 -4.9279 0 0 0 0
1628410606.520000219 -15.5637 -11.1203 -4.9276 0 0 0 0
1628410606.670000076 -15.5221 -11.1576 -4.9272 0 0 0 0
1628410606.790000200 -15.4702 -11.2055 -4.9280 0 0 0 0
1628410606.910000086 -15.4307 -11.2523 -4.9275 0 0 0 0
1628410607.030000210 -15.3733 -11.3250 -4.9276 0 0 0 0
1628410607.130000114 -15.3267 -11.3873 -4.9281 0 0 0 0
1628410607.250000000 -15.2966 -11.4318 -4.9279 0 0 0 0
1628410607.509999990 -15.2091 -11.5823 -4.9282 0 0 0 0
1628410607.660000086 -15.1610 -11.6964 -4.9283 0 0 0 0
1628410607.770000219 -15.1399 -11.7565 -4.9280 0 0 0 0
1628410607.940000057 -15.1226 -11.8167 -4.9278 0 0 0 0
1628410608.140000105 -15.0839 -12.0109 -4.9273 0 0 0 0
1628410608.420000076 -15.0744 -12.1377 -4.9258 0 0 0 0
1628410608.550000191 -15.0783 -12.2637 -4.9254 0 0 0 0
1628410608.670000076 -15.0921 -12.3587 -4.9257 0 0 0 0
1628410608.840000153 -15.1268 -12.4615 -4.9240 0 0 0 0
1628410608.980000019 -15.1631 -12.5389 -4.9211 0 0 0 0
1628410609.140000105 -15.1598 -12.5326 -4.9216 0 0 0 0
1628410609.259999990 -15.1357 -12.4708 -4.9214 0 0 0 0
1628410609.500000000 -15.0787 -12.3592 -4.9218 0 0 0 0
1628410609.620000124 -15.0631 -12.3342 -4.9218 0 0 0 0
1628410609.870000124 -14.8971 -12.0818 -4.9229 0 0 0 0
1628410609.990000010 -14.8058 -11.9813 -4.9237 0 0 0 0
1628410610.140000105 -14.7393 -11.9229 -4.9251 0 0 0 0
1628410610.430000067 -14.4412 -11.7266 -4.9270 0 0 0 0
1628410610.620000124 -14.1900 -11.6366 -4.9297 0 0 0 0
1628410610.759999990 -14.0732 -11.6126 -4.9297 0 0 0 0
1628410610.930000067 -13.8093 -11.5716 -4.9310 0 0 0 0
1628410611.100000143 -13.5987 -11.5531 -4.9309 0 0 0 0
1628410611.200000048 -13.5004 -11.5474 -4.9303 0 0 0 0
1628410611.390000105 -13.2625 -11.5150 -4.9302 0 0 0 0
1628410611.580000162 -13.0920 -11.4660 -4.9292 0 0 0 0
1628410611.730000019 -12.9114 -11.3806 -4.9295 0 0 0 0
1628410611.900000095 -12.8169 -11.3237 -4.9298 0 0 0 0
1628410612.120000124 -12.6866 -11.2279 -4.9291 0 0 0 0
1628410612.259999990 -12.6168 -11.1645 -4.9289 0 0 0 0
1628410612.460000038 -12.5528 -11.1019 -4.9284 0 0 0 0
1628410612.730000019 -12.3880 -10.9060 -4.9278 0 0 0 0
1628410612.840000153 -12.3682 -10.8759 -4.9274 0 0 0 0
1628410613.009999990 -12.2760 -10.7274 -4.9276 0 0 0 0
1628410613.160000086 -12.1901 -10.5434 -4.9285 0 0 0 0
1628410613.320000172 -12.1524 -10.4233 -4.9285 0 0 0 0
1628410613.450000048 -12.1412 -10.3791 -4.9285 0 0 0 0
1628410613.970000029 -12.1195 -9.7261 -4.9291 0 0 0 0
1628410614.110000134 -12.1546 -9.5732 -4.9304 0 0 0 0
1628410614.259999990 -12.2273 -9.3805 -4.9306 0 0 0 0
1628410614.410000086 -12.2993 -9.2451 -4.9304 0 0 0 0
1628410614.550000191 -12.3785 -9.1180 -4.9310 0 0 0 0
1628410614.700000048 -12.5493 -8.9267 -4.9306 0 0 0 0
1628410614.830000162 -12.6681 -8.8232 -4.9306 0 0 0 0
1628410614.930000067 -12.7908 -8.7373 -4.9300 0 0 0 0
1628410615.090000153 -12.9294 -8.6611 -4.9287 0 0 0 0
1628410615.300000191 -13.1586 -8.5691 -4.9275 0 0 0 0
1628410615.460000038 -13.3530 -8.5279 -4.9269 0 0 0 0
1628410615.650000095 -13.5546 -8.5050 -4.9266 0 0 0 0
1628410615.770000219 -13.7050 -8.5102 -4.9252 0 0 0 0
1628410615.960000038 -13.9479 -8.5460 -4.9239 0 0 0 0
1628410616.070000172 -14.0409 -8.5736 -4.9238 0 0 0 0
1628410616.250000000 -14.2734 -8.6688 -4.9241 0 0 0 0
1628410616.430000067 -14.3583 -8.7148 -4.9233 0 0 0 0
1628410616.620000124 -14.4465 -8.7739 -4.9233 0 0 0 0
1628410616.770000219 -14.7089 -9.0057 -4.9235 0 0 0 0
1628410616.890000105 -14.7730 -9.0798 -4.9241 0 0 0 0
1628410617.050000191 -14.9263 -9.3279 -4.9226 0 0 0 0
1628410617.250000000 -15.0087 -9.5066 -4.9223 0 0 0 0
1628410617.360000134 -15.0389 -9.5956 -4.9223 0 0 0 0
1628410617.590000153 -15.0876 -9.8884 -4.9222 0 0 0 0
1628410617.740000010 -15.0999 -9.9941 -4.9232 0 0 0 0
1628410617.930000067 -15.0949 -10.1939 -4.9232 0 0 0 0
1628410618.040000200 -15.0771 -10.2955 -4.9240 0 0 0 0
1628410618.170000076 -14.9982 -10.5856 -4.9233 0 0 0 0
1628410618.410000086 -14.9090 -10.7654 -4.9243 0 0 0 0
1628410618.570000172 -14.7765 -10.9854 -4.9249 0 0 0 0
1628410618.690000057 -14.6918 -11.1211 -4.9258 0 0 0 0
1628410618.970000029 -14.6651 -11.1658 -4.9259 0 0 0 0
1628410619.220000029 -14.4626 -11.5655 -4.9272 0 0 0 0
1628410619.370000124 -14.3926 -11.8272 -4.9285 0 0 0 0
1628410619.520000219 -14.3752 -11.9354 -4.9292 0 0 0 0
1628410619.740000010 -14.3787 -12.3109 -4.9291 0 0 0 0
1628410619.900000095 -14.4346 -12.5609 -4.9306 0 0 0 0
1628410620.060000181 -14.4699 -12.6602 -4.9300 0 0 0 0
1628410620.200000048 -14.5129 -12.7491 -4.9296 0 0 0 0
1628410620.470000029 -14.7652 -13.1090 -4.9294 0 0 0 0
1628410620.780000210 -15.0215 -13.3104 -4.9262 0 0 0 0
1628410620.910000086 -15.1000 -13.3558 -4.9261 0 0 0 0
1628410621.070000172 -15.3004 -13.4435 -4.9256 0 0 0 0
1628410621.170000076 -15.4323 -13.4781 -4.9244 0 0 0 0
1628410621.300000191 -15.5174 -13.4955 -4.9233 0 0 0 0
1628410621.410000086 -15.6449 -13.5147 -4.9234 0 0 0 0
1628410621.530000210 -15.6896 -13.5179 -4.9236 0 0 0 0
1628410621.650000095 -15.7741 -13.5186 -4.9233 0 0 0 0
1628410621.870000124 -16.0224 -13.4818 -4.9216 0 0 0 0
1628410621.970000029 -16.1434 -13.4564 -4.9221 0 0 0 0
1628410622.120000124 -16.3047 -13.3939 -4.9222 0 0 0 0
1628410622.360000134 -16.4900 -13.2896 -4.9223 0 0 0 0
1628410622.509999990 -16.5972 -13.2172 -4.9214 0 0 0 0
1628410622.620000124 -16.6894 -13.1350 -4.9219 0 0 0 0
1628410622.790000200 -16.8341 -12.9715 -4.9212 0 0 0 0
1628410622.950000048 -16.8831 -12.9016 -4.9213 0 0 0 0
1628410623.090000153 -16.9854 -12.7154 -4.9204 0 0 0 0
1628410623.250000000 -17.0641 -12.5076 -4.9202 0 0 0 0
1628410623.370000124 -17.0902 -12.3815 -4.9195 0 0 0 0
1628410623.509999990 -17.1037 -12.2920 -4.9194 0 0 0 0
1628410623.640000105 -17.1219 -12.1167 -4.9193 0 0 0 0
1628410623.830000162 -17.1245 -11.8920 -4.9192 0 0 0 0
1628410623.940000057 -17.1259 -11.8067 -4.9192 0 0 0 0
1628410624.110000134 -17.1278 -11.7202 -4.9198 0 0 0 0
1628410624.259999990 -17.1238 -11.5244 -4.9198 0 0 0 0
1628410624.410000086 -17.1171 -11.4486 -4.9197 0 0 0 0
1628410624.550000191 -17.1086 -11.3432 -4.9201 0 0 0 0
1628410624.650000095 -17.1032 -11.2817 -4.9197 0 0 0 0
1628410624.910000086 -17.0804 -11.0946 -4.9187 0 0 0 0
1628410625.040000200 -17.0708 -11.0282 -4.9201 0 0 0 0
1628410625.150000095 -17.0610 -10.9517 -4.9196 0 0 0 0
1628410625.340000153 -17.0508 -10.8904 -4.9187 0 0 0 0
1628410625.450000048 -17.0456 -10.8522 -4.9192 0 0 0 0
1628410625.560000181 -17.0403 -10.8199 -4.9190 0 0 0 0
1628410625.700000048 -17.0383 -10.8098 -4.9188 0 0 0 0
1628410625.830000162 -17.0320 -10.7800 -4.9182 0 0 0 0
1628410625.960000038 -17.0247 -10.7527 -4.9175 0 0 0 0
1628410626.120000124 -17.0181 -10.7129 -4.9173 0 0 0 0
1628410626.259999990 -17.0138 -10.6805 -4.9182 0 0 0 0
1628410626.410000086 -17.0119 -10.6695 -4.9173 0 0 0 0
1628410626.520000219 -17.0094 -10.6647 -4.9178 0 0 0 0
1628410626.750000000 -17.0119 -10.6736 -4.9177 0 0 0 0
1628410626.910000086 -17.0114 -10.6810 -4.9183 0 0 0 0
1628410627.100000143 -17.0117 -10.6841 -4.9183 0 0 0 0
1628410627.250000000 -17.0118 -10.6832 -4.9183 0 0 0 0
1628410627.440000057 -17.0116 -10.6828 -4.9182 0 0 0 0
1628410627.590000153 -17.0117 -10.6835 -4.9182 0 0 0 0
1628410627.690000057 -17.0117 -10.6834 -4.9182 0 0 0 0
1628410627.860000134 -17.0117 -10.6830 -4.9181 0 0 0 0
1628410627.970000029 -17.0118 -10.6834 -4.9181 0 0 0 0
1628410628.130000114 -17.0115 -10.6833 -4.9183 0 0 0 0
1628410628.259999990 -17.0117 -10.6833 -4.9183 0 0 0 0
1628410628.450000048 -17.0116 -10.6834 -4.9182 0 0 0 0
1628410628.630000114 -17.0115 -10.6833 -4.9182 0 0 0 0
1628410628.740000010 -17.0117 -10.6835 -4.9182 0 0 0 0
1628410628.900000095 -17.0115 -10.6835 -4.9181 0 0 0 0
1628410629.009999990 -17.0116 -10.6836 -4.9183 0 0 0 0
1628410629.130000114 -17.0116 -10.6835 -4.9182 0 0 0 0
1628410629.550000191 -17.0115 -10.6837 -4.9182 0 0 0 0
1628410629.660000086 -17.0117 -10.6835 -4.9182 0 0 0 0
1628410629.770000219 -17.0116 -10.6836 -4.9183 0 0 0 0
1628410629.930000067 -17.0116 -10.6838 -4.9182 0 0 0 0
1628410630.040000200 -17.0116 -10.6836 -4.9182 0 0 0 0
1628410630.180000067 -17.0115 -10.6836 -4.9182 0 0 0 0
1628410630.370000124 -17.0114 -10.6836 -4.9182 0 0 0 0
1628410630.509999990 -17.0115 -10.6837 -4.9182 0 0 0 0
1628410630.650000095 -17.0115 -10.6837 -4.9181 0 0 0 0
1628410630.770000219 -17.0116 -10.6837 -4.9182 0 0 0 0
1628410630.940000057 -17.0115 -10.6837 -4.9182 0 0 0 0
1628410631.080000162 -17.0116 -10.6837 -4.9182 0 0 0 0
1628410631.210000038 -17.0116 -10.6837 -4.9182 0 0 0 0
1628410631.400000095 -17.0114 -10.6836 -4.9181 0 0 0 0
1628410631.550000191 -17.0116 -10.6837 -4.9182 0 0 0 0
1628410631.660000086 -17.0115 -10.6836 -4.9183 0 0 0 0
1628410631.759999990 -17.0116 -10.6837 -4.9182 0 0 0 0
1628410631.920000076 -17.0115 -10.6837 -4.9182 0 0 0 0
1628410632.030000210 -17.0116 -10.6838 -4.9182 0 0 0 0
1628410632.210000038 -17.0115 -10.6837 -4.9182 0 0 0 0
1628410632.420000076 -17.0115 -10.6838 -4.9182 0 0 0 0
1628410632.540000200 -17.0114 -10.6838 -4.9182 0 0 0 0
1628410632.650000095 -17.0116 -10.6839 -4.9183 0 0 0 0
1628410632.800000191 -17.0116 -10.6839 -4.9182 0 0 0 0
1628410632.960000038 -17.0114 -10.6838 -4.9182 0 0 0 0
1628410633.060000181 -17.0115 -10.6838 -4.9183 0 0 0 0
1628410633.180000067 -17.0114 -10.6838 -4.9183 0 0 0 0
1628410633.290000200 -17.0115 -10.6838 -4.9182 0 0 0 0
1628410633.430000067 -17.0115 -10.6838 -4.9182 0 0 0 0
1628410633.600000143 -17.0115 -10.6838 -4.9182 0 0 0 0
1628410633.740000010 -17.0116 -10.6839 -4.9182 0 0 0 0
1628410633.840000153 -17.0116 -10.6839 -4.9184 0 0 0 0
1628410633.960000038 -17.0115 -10.6838 -4.9183 0 0 0 0
1628410634.100000143 -17.0114 -10.6839 -4.9182 0 0 0 0
1628410634.210000038 -17.0115 -10.6838 -4.9183 0 0 0 0
1628410634.380000114 -17.0116 -10.6839 -4.9182 0 0 0 0
1628410634.650000095 -17.0116 -10.6841 -4.9182 0 0 0 0
1628410634.790000200 -17.0114 -10.6839 -4.9182 0 0 0 0
1628410634.940000057 -17.0114 -10.6841 -4.9182 0 0 0 0
1628410635.110000134 -17.0115 -10.6839 -4.9184 0 0 0 0
1628410635.250000000 -17.0114 -10.6839 -4.9183 0 0 0 0
1628410635.390000105 -17.0115 -10.6839 -4.9183 0 0 0 0
1628410635.509999990 -17.0115 -10.6839 -4.9183 0 0 0 0
1628410635.620000124 -17.0114 -10.6840 -4.9183 0 0 0 0
1628410635.759999990 -17.0115 -10.6840 -4.9182 0 0 0 0
1628410635.870000124 -17.0114 -10.6841 -4.9182 0 0 0 0
1628410636.050000191 -17.0113 -10.6842 -4.9183 0 0 0 0
1628410636.160000086 -17.0114 -10.6841 -4.9183 0 0 0 0
1628410636.259999990 -17.0114 -10.6842 -4.9183 0 0 0 0
1628410636.490000010 -17.0114 -10.6840 -4.9182 0 0 0 0
1628410636.660000086 -17.0114 -10.6841 -4.9183 0 0 0 0
1628410636.770000219 -17.0114 -10.6841 -4.9183 0 0 0 0
1628410636.990000010 -17.0114 -10.6840 -4.9183 0 0 0 0
1628410637.110000134 -17.0114 -10.6843 -4.9183 0 0 0 0
1628410637.230000019 -17.0112 -10.6842 -4.9181 0 0 0 0
1628410637.420000076 -17.0113 -10.6843 -4.9182 0 0 0 0
1628410637.550000191 -17.0112 -10.6842 -4.9182 0 0 0 0
1628410637.660000086 -17.0113 -10.6843 -4.9181 0 0 0 0
1628410637.759999990 -17.0113 -10.6843 -4.9181 0 0 0 0
1628410637.940000057 -17.0114 -10.6842 -4.9182 0 0 0 0
1628410638.110000134 -17.0114 -10.6843 -4.9183 0 0 0 0
1628410638.300000191 -17.0113 -10.6842 -4.9183 0 0 0 0
1628410638.420000076 -17.0113 -10.6842 -4.9183 0 0 0 0
1628410638.590000153 -17.0114 -10.6843 -4.9182 0 0 0 0
1628410638.710000038 -17.0115 -10.6844 -4.9182 0 0 0 0
1628410638.810000181 -17.0114 -10.6842 -4.9183 0 0 0 0
1628410638.940000057 -17.0113 -10.6842 -4.9183 0 0 0 0
1628410639.080000162 -17.0112 -10.6844 -4.9183 0 0 0 0
1628410639.230000019 -17.0112 -10.6843 -4.9183 0 0 0 0
1628410639.350000143 -17.0113 -10.6842 -4.9183 0 0 0 0
1628410639.470000029 -17.0113 -10.6843 -4.9182 0 0 0 0
1628410639.580000162 -17.0113 -10.6844 -4.9183 0 0 0 0
1628410640.230000019 -17.0112 -10.6842 -4.9184 0 0 0 0
1628410640.410000086 -17.0112 -10.6845 -4.9184 0 0 0 0
1628410640.550000191 -17.0112 -10.6844 -4.9184 0 0 0 0
1628410640.650000095 -17.0113 -10.6844 -4.9183 0 0 0 0
1628410640.820000172 -17.0112 -10.6844 -4.9184 0 0 0 0
1628410640.940000057 -17.0113 -10.6845 -4.9184 0 0 0 0
1628410641.040000200 -17.0112 -10.6844 -4.9184 0 0 0 0
1628410641.160000086 -17.0112 -10.6843 -4.9184 0 0 0 0
1628410641.310000181 -17.0114 -10.6844 -4.9184 0 0 0 0
1628410641.440000057 -17.0114 -10.6844 -4.9185 0 0 0 0
1628410641.610000134 -17.0113 -10.6844 -4.9184 0 0 0 0
1628410641.750000000 -17.0113 -10.6843 -4.9184 0 0 0 0
1628410641.870000124 -17.0113 -10.6845 -4.9184 0 0 0 0
1628410641.990000010 -17.0112 -10.6844 -4.9183 0 0 0 0
1628410642.120000124 -17.0113 -10.6844 -4.9183 0 0 0 0
1628410642.250000000 -17.0113 -10.6843 -4.9184 0 0 0 0
1628410642.400000095 -17.0113 -10.6843 -4.9184 0 0 0 0
1628410642.500000000 -17.0112 -10.6844 -4.9185 0 0 0 0
1628410642.600000143 -17.0112 -10.6844 -4.9184 0 0 0 0
1628410642.720000029 -17.0113 -10.6845 -4.9184 0 0 0 0
1628410642.840000153 -17.0112 -10.6845 -4.9183 0 0 0 0
1628410642.970000029 -17.0113 -10.6845 -4.9183 0 0 0 0
1628410643.090000153 -17.0113 -10.6845 -4.9183 0 0 0 0
1628410643.250000000 -17.0112 -10.6845 -4.9183 0 0 0 0
1628410643.430000067 -17.0114 -10.6844 -4.9183 0 0 0 0
1628410643.550000191 -17.0115 -10.6846 -4.9183 0 0 0 0
1628410643.650000095 -17.0115 -10.6843 -4.9183 0 0 0 0
1628410643.770000219 -17.0113 -10.6844 -4.9182 0 0 0 0
