1628410560.550330162 -2.2769 -3.2467 0.0719 -0.0106 -0.0021 -0.8503 0.5261
1628410561.552322865 -2.6695 -3.9717 0.0784 -0.0114 -0.0023 -0.9036 0.4283
1628410563.155457497 -2.8236 -4.1096 0.1006 -0.0047 -0.0044 -0.9475 0.3196
1628410563.756644011 -2.3081 -3.8062 0.0710 -0.0031 -0.0084 -0.9829 0.1838
1628410564.157448053 -1.8893 -3.6876 0.0644 -0.0048 -0.0098 -0.9965 0.0826
1628410564.759039879 -1.2817 -3.6765 0.0505 0.0055 0.0118 0.9980 0.0621
1628410565.359786510 -0.8197 -3.7664 0.0393 0.0057 0.0101 0.9862 0.1649
1628410566.361774921 -0.3729 -3.9574 0.0388 0.0039 0.0094 0.9641 0.2652
1628410567.564168453 0.3467 -4.3182 0.0274 0.0021 0.0052 0.9904 0.1385
1628410569.367714405 0.2589 -4.3048 0.0290 0.0086 0.0067 0.9993 0.0355
1628410570.369716644 -0.5446 -4.2336 0.0527 0.0056 0.0047 0.9849 0.1729
1628410570.970872879 -0.9475 -4.0323 0.0485 0.0055 0.0048 0.9522 0.3055
1628410571.472522736 -1.2146 -3.8031 0.0577 0.0036 0.0060 0.9131 0.4076
1628410571.972858429 -1.4498 -3.4954 0.0548 0.0036 0.0044 0.8590 0.5120
1628410572.373626947 -1.5915 -3.1959 0.0489 0.0024 0.0017 0.8011 0.5985
1628410572.774420977 -1.6580 -2.8408 0.0558 -0.0007 0.0028 0.7315 0.6819
1628410573.175234079 -1.6706 -2.4877 0.0473 -0.0032 0.0030 0.6491 0.7607
1628410573.576010227 -1.5984 -2.1475 0.0401 -0.0051 0.0024 0.5570 0.8305
1628410574.778369904 -1.1983 -1.0982 0.0285 0.0025 0.0074 0.6707 0.7417
1628410575.179157734 -1.2024 -0.7444 0.0276 0.0033 0.0094 0.7516 0.6595
1628410575.579979897 -1.2859 -0.3720 0.0226 0.0060 0.0082 0.8290 0.5592
1628410575.980753422 -1.4855 -0.0175 0.0267 0.0057 0.0087 0.8990 0.4379
1628410576.381525755 -1.7806 0.2871 0.0247 0.0076 0.0106 0.9543 0.2987
1628410576.782314777 -2.1872 0.4931 0.0413 0.0081 0.0120 0.9892 0.1458
1628410577.183105946 -2.6167 0.6038 0.0439 -0.0083 -0.0124 -0.9999 0.0027
1628410577.984695196 -3.6413 0.6139 0.0584 0.0068 -0.0015 0.9896 0.1440
1628410578.387957811 -4.0936 0.7910 0.0658 0.0042 -0.0025 0.9600 0.2798
1628410578.686080933 -4.3721 0.9912 0.0704 0.0023 0.0001 0.9249 0.3801
1628410579.086877823 -4.6485 1.3400 0.0636 0.0020 -0.0004 0.8630 0.5053
1628410579.487658978 -4.8169 1.7340 0.0610 -0.0007 -0.0002 0.7858 0.6185
1628410579.888456821 -4.8906 2.1593 0.0634 -0.0043 -0.0004 0.6946 0.7194
1628410580.291314602 -4.8336 2.5821 0.0521 -0.0066 -0.0016 0.5896 0.8077
1628410580.589840412 -4.7216 2.8893 0.0568 -0.0060 0.0006 0.5002 0.8659
1628410580.990623713 -4.4541 3.2546 0.0564 -0.0083 0.0016 0.3698 0.9291
1628410581.391409636 -4.0950 3.5434 0.0516 -0.0105 0.0021 0.2314 0.9728
1628410581.792511463 -3.6921 3.7026 0.0327 -0.0120 0.0016 0.0892 0.9959
1628410582.192983627 -3.2569 3.7408 0.0324 -0.0122 0.0041 -0.0553 0.9984
1628410582.593770742 -2.8297 3.6509 0.0282 -0.0100 0.0051 -0.1982 0.9801
1628410583.094763756 -2.3590 3.3805 0.0255 -0.0108 0.0077 -0.3710 0.9285
1628410583.495563030 -2.0256 3.0420 0.0196 -0.0122 0.0076 -0.4782 0.8781
1628410584.297161102 -1.5205 2.3077 0.0218 0.0002 0.0038 -0.3614 0.9324
1628410584.699964285 -1.1619 2.0330 0.0132 0.0032 0.0039 -0.2392 0.9710
1628410585.000519037 -0.9131 1.8771 0.0111 0.0048 0.0024 -0.1375 0.9905
1628410587.503458977 -0.8418 1.8880 0.0167 -0.0020 0.0075 -0.0267 0.9996
1628410588.104661942 -1.2896 1.8576 0.0234 -0.0039 0.0080 0.1189 0.9929
1628410588.605624199 -1.7331 1.6721 0.0236 -0.0065 0.0070 0.2756 0.9612
1628410589.006453753 -2.0849 1.3850 0.0196 -0.0086 0.0044 0.4205 0.9072
1628410589.507421494 -2.4059 0.8452 0.0269 -0.0097 0.0005 0.6006 0.7995
1628410589.908886909 -2.5208 0.2934 0.0357 -0.0063 0.0000 0.7222 0.6916
1628410591.611569643 -2.4783 0.2715 0.0274 0.0112 0.0047 0.8048 0.5934
1628410592.012373447 -2.6618 0.6743 0.0345 0.0115 0.0111 0.8771 0.4801
1628410592.413148642 -2.9613 1.0148 0.0416 0.0113 0.0135 0.9362 0.3509
1628410592.813935280 -3.3175 1.2470 0.0485 0.0100 0.0145 0.9755 0.2193
1628410593.214755058 -3.7087 1.3663 0.0459 0.0093 0.0127 0.9959 0.0886
1628410594.417108059 -4.8764 1.5225 0.0670 0.0069 0.0004 0.9823 0.1872
1628410594.817874432 -5.2348 1.6883 0.0733 0.0054 0.0010 0.9531 0.3025
1628410595.218715906 -5.5440 1.9472 0.0765 0.0037 0.0027 0.9092 0.4163
1628410595.619467735 -5.7764 2.2730 0.0791 0.0027 0.0000 0.8500 0.5267
1628410596.020247459 -5.9355 2.6761 0.0768 -0.0001 -0.0007 0.7738 0.6335
1628410596.421045780 -5.9610 3.1319 0.0760 -0.0029 -0.0020 0.6766 0.7364
1628410597.423020840 -5.8453 4.3016 0.0600 0.0058 0.0079 0.7377 0.6750
1628410597.823804855 -5.9372 4.7575 0.0568 0.0058 0.0085 0.8136 0.5814
1628410599.928154945 -6.1456 5.1624 0.0695 -0.0009 0.0029 0.8781 0.4784
1628410600.629622459 -5.8434 4.8268 0.0671 -0.0000 -0.0012 0.9432 0.3323
1628410601.030153751 -5.6033 4.6673 0.0604 0.0007 -0.0034 0.9730 0.2306
1628410601.431577682 -5.3079 4.5554 0.0624 0.0022 -0.0038 0.9930 0.1183
1628410601.931910992 -4.9007 4.5126 0.0484 -0.0023 0.0050 -0.9994 0.0335
1628410602.332716942 -4.5803 4.5527 0.0447 -0.0032 0.0067 -0.9892 0.1461
1628410603.735475779 -4.8121 4.4653 0.0521 -0.0107 -0.0034 -0.9616 0.2744
1628410604.136275768 -5.1631 4.1854 0.0512 -0.0054 -0.0069 -0.9093 0.4161
1628410604.537682056 -5.4236 3.8164 0.0596 -0.0022 -0.0065 -0.8409 0.5412
1628410607.442777157 -5.5455 3.3796 0.0587 -0.0034 0.0049 -0.7695 0.6386
1628410607.843591452 -5.5171 3.6606 0.0621 -0.0060 0.0071 -0.7012 0.7129
1628410608.244358063 -5.5563 3.9633 0.0569 -0.0056 0.0078 -0.6175 0.7865
1628410608.645155430 -5.6565 4.2423 0.0598 -0.0055 0.0079 -0.5217 0.8531
1628410610.047905684 -5.5341 4.1016 0.0616 -0.0039 -0.0029 -0.3837 0.9234
1628410610.448697567 -5.1834 3.8320 0.0628 0.0022 -0.0006 -0.2362 0.9717
1628410610.849492550 -4.7106 3.6856 0.0448 0.0079 0.0026 -0.0563 0.9984
1628410611.250288248 -4.2110 3.6986 0.0401 0.0089 0.0049 0.0471 0.9988
1628410611.851460218 -3.5776 3.7251 0.0423 -0.0051 0.0053 -0.0548 0.9985
1628410612.252266169 -3.2398 3.6596 0.0285 -0.0052 0.0074 -0.1617 0.9868
1628410612.853437901 -2.8425 3.4799 0.0266 -0.0062 0.0062 -0.2974 0.9547
1628410613.254255295 -2.5803 3.2741 0.0271 -0.0080 0.0055 -0.3981 0.9173
1628410613.655148029 -2.3374 2.9565 0.0169 -0.0086 0.0064 -0.5115 0.8592
1628410614.056162834 -2.1679 2.5368 0.0193 -0.0102 0.0065 -0.6301 0.7764
1628410614.456616879 -2.1261 2.0490 0.0207 -0.0103 0.0086 -0.7437 0.6683
1628410614.857403278 -2.2232 1.5709 0.0157 -0.0115 0.0088 -0.8418 0.5396
1628410615.258182526 -2.4650 1.1595 0.0223 -0.0098 0.0091 -0.9176 0.3972
1628410615.658963203 -2.8406 0.8479 0.0255 -0.0109 0.0088 -0.9690 0.2467
1628410616.059834719 -3.2866 0.6548 0.0350 -0.0075 0.0098 -0.9957 0.0923
1628410616.460547447 -3.7770 0.6400 0.0451 0.0066 -0.0085 0.9980 0.0630
1628410616.861348391 -4.2373 0.7601 0.0563 0.0046 -0.0057 0.9767 0.2143
1628410617.262132883 -4.6347 1.0095 0.0568 0.0035 -0.0046 0.9329 0.3600
1628410617.662931442 -4.9350 1.3642 0.0611 0.0013 -0.0048 0.8664 0.4994
1628410618.063719273 -5.1219 1.7977 0.0633 -0.0044 -0.0042 0.7771 0.6293
1628410618.464523554 -5.1680 2.2641 0.0539 -0.0078 -0.0034 0.6684 0.7438
1628410618.865501642 -5.0666 2.7178 0.0586 -0.0059 -0.0024 0.5831 0.8124
1628410619.467946529 -4.8592 3.4704 0.0497 0.0051 0.0083 0.6766 0.7363
1628410619.767063618 -4.8600 3.8476 0.0502 0.0068 0.0098 0.7504 0.6608
1628410620.167854309 -4.9725 4.3129 0.0441 0.0068 0.0112 0.8448 0.5350
1628410620.568744421 -5.2262 4.6854 0.0458 0.0073 0.0110 0.9210 0.3893
1628410620.969435692 -5.5606 4.9496 0.0506 0.0076 0.0091 0.9714 0.2371
1628410621.370233536 -5.9415 5.0850 0.0500 0.0047 0.0079 0.9959 0.0898
1628410621.771023512 -6.3289 5.1014 0.0573 -0.0051 -0.0078 -0.9983 0.0576
1628410622.171827078 -6.6971 5.0152 0.0654 -0.0040 -0.0076 -0.9795 0.2012
1628410622.572674513 -7.0157 4.8027 0.0805 -0.0025 -0.0044 -0.9406 0.3395
1628410622.973386765 -7.2795 4.5217 0.0736 -0.0033 -0.0047 -0.8813 0.4725
1628410623.374179840 -7.4638 4.1808 0.0847 -0.0026 -0.0034 -0.8019 0.5974
1628410623.774970055 -7.5629 3.7889 0.0930 -0.0007 -0.0004 -0.7007 0.7134
1628410624.576548100 -7.4280 3.0149 0.1002 -0.0019 0.0041 -0.6200 0.7846
