1628410463.158241272 -0.000289669 -0.000053067 -0.000006382 0.007102261 -0.002829905 -0.213696359 0.976870214
1628410465.262390614 -0.697853208 0.217750356 0.000310977 0.004159855 0.001603352 -0.089500715 0.995976780
1628410465.863630295 -1.190235257 0.282827407 0.000800243 0.003541285 0.001909825 0.015730519 0.999868173
1628410466.466340065 -1.654474974 0.224410623 0.010335909 0.003770723 0.003267721 0.116974314 0.993122406
1628410468.268332958 -2.174042463 0.043872822 0.019116525 0.005184767 0.001243778 0.221793589 0.975079061
1628410468.869496822 -1.827158928 0.234197244 0.011772750 0.006460504 -0.001189695 0.332757164 0.942989669
1628410469.470694542 -1.513788342 0.526292384 0.003140284 0.007348393 -0.002330388 0.468981436 0.883174379
1628410469.871555805 -1.359539866 0.786748946 0.005816272 0.008159924 -0.003546536 0.561858814 0.827185294
1628410470.272271633 -1.256916165 1.093638659 0.017982878 0.007961227 -0.004110767 0.654548023 0.755967332
1628410470.674365044 -1.211401463 1.442017913 0.032443494 0.007545590 -0.005291162 0.744833379 0.667186860
1628410471.075021267 -1.266015291 1.799032211 0.032367889 0.008861626 -0.005365167 0.827771257 0.560970082
1628410471.474768162 -1.432618618 2.146405697 0.060093392 0.007718237 -0.003074497 0.900298140 0.435194480
1628410471.876326323 -1.714039922 2.437608480 0.073635213 0.007695413 -0.000682133 0.956021439 0.293195027
1628410472.277213812 -2.106928825 2.628078938 0.062691920 0.008571029 -0.000450874 0.990152880 0.139726908
1628410473.077998638 -3.131791592 2.722260475 0.046889495 0.005108398 -0.006900560 0.992983409 0.117941661
1628410473.578802109 -3.706444263 2.865911961 0.065243550 0.006045129 -0.009543008 0.967927795 0.250974442
1628410473.979590893 -4.070051670 3.090444326 0.071114704 0.006920060 -0.009376802 0.928605112 0.370886417
1628410474.380394459 -4.333296776 3.369587898 0.089562327 0.006683629 -0.007179011 0.876472060 0.481352800
1628410474.781172752 -4.526074886 3.716580868 0.076185867 0.003629073 -0.007727619 0.811096796 0.584849640
1628410475.181973219 -4.628738880 4.097510338 0.086992465 0.003717526 -0.006715280 0.730225802 0.683162765
1628410475.582745552 -4.632910728 4.518632889 0.088860385 0.003577660 -0.007713704 0.632700975 0.774349517
1628410475.983935833 -4.517054081 4.954111576 0.100052416 0.002773424 -0.007436002 0.518270433 0.855179965
1628410476.384395123 -4.292913437 5.339017868 0.114086859 0.001255424 -0.006445037 0.390361100 0.920638418
1628410476.786431313 -3.940923214 5.653264999 0.114466004 -0.000722919 -0.003723549 0.252541271 0.967578689
1628410477.185911179 -3.512244463 5.839776993 0.120793626 -0.000403160 -0.003776957 0.134428008 0.990916083
1628410477.987486601 -2.543156862 6.150408268 0.119832277 0.009294660 -0.000727576 0.247286442 0.968897567
1628410479.991497517 -2.220884562 6.368431091 0.130270541 -0.000010767 -0.000075931 0.369003944 0.929427826
1628410480.392238617 -2.480135679 6.061116219 0.124880217 -0.001566291 -0.004523122 0.507057765 0.861898782
1628410480.795248985 -2.652054787 5.673173428 0.114885837 -0.002266205 -0.007392337 0.637261272 0.770609038
1628410481.193825006 -2.691957235 5.239402294 0.098809093 -0.002195127 -0.012379102 0.751100774 0.660067849
1628410481.594647646 -2.593235493 4.845578671 0.085305579 -0.001982591 -0.014807997 0.842973805 0.537747112
1628410481.995484829 -2.395391226 4.515029907 0.081464805 -0.003538466 -0.015402359 0.912226816 0.409380608
1628410482.396220922 -2.121009827 4.263291359 0.076103896 -0.001465403 -0.016514202 0.960250651 0.278646407
1628410482.796989441 -1.824291825 4.067646980 0.067003205 0.000209260 -0.018009043 0.984349709 0.175303396
1628410484.500325918 -1.950522065 4.116478443 0.083006494 0.006916509 -0.007011403 0.999218061 0.038291879
1628410484.901169777 -2.247919798 4.127064705 0.087497853 -0.005122371 0.005878231 -0.997228448 0.073990738
1628410485.301910877 -2.551663637 4.064989567 0.084423475 -0.003268346 0.003895725 -0.981309115 0.192370895
1628410485.704523802 -2.855444670 3.919388294 0.083111785 -0.000105872 0.002954805 -0.950413040 0.310976384
1628410486.103537560 -3.105765104 3.709028959 0.077973671 0.001632522 0.002557284 -0.904079813 0.427352883
1628410486.504297256 -3.295888662 3.432944775 0.082863607 0.002339332 0.003193728 -0.840708155 0.541474031
1628410486.905075312 -3.427163839 3.095546484 0.071549490 0.003698540 0.003037166 -0.759846675 0.650084708
1628410487.305870295 -3.462396145 2.712500095 0.058506459 0.006109001 0.002495638 -0.657352370 0.753554453
1628410487.706650734 -3.352413893 2.331863642 0.062719747 0.007060349 0.001592873 -0.533844037 0.845551985
1628410488.107448101 -3.143763304 1.957447171 0.052294411 0.009514543 0.002295697 -0.392477362 0.919709586
1628410488.508271694 -2.873800516 1.660429239 0.046186537 0.013332346 0.001470789 -0.249686979 0.968233700
1628410490.311791420 -2.569173098 1.568492055 0.043113995 0.001342887 0.011917176 -0.142383253 0.989738949
1628410490.712639093 -2.985399723 1.628364205 0.044097979 -0.001276270 0.008622548 0.003000827 0.999957508
1628410492.315746307 -3.527708769 1.533905864 0.052939679 0.007942411 -0.003600495 0.137759296 0.990427348
1628410492.917443752 -3.098016739 1.731553197 0.043336157 0.013249970 -0.003034918 0.291315217 0.956530539
1628410493.317719221 -2.771831751 1.962342620 0.039007131 0.013942455 -0.003221555 0.404550100 0.914403875
1628410493.718512535 -2.540141106 2.281800270 0.046803225 0.012749122 -0.001221629 0.512320703 0.858698705
1628410494.119316339 -2.377054691 2.627082825 0.051574659 0.012992964 -0.001808595 0.609049122 0.793024009
1628410494.520107746 -2.300484419 2.977149487 0.060953528 0.012849602 -0.000797720 0.694000444 0.719859455
1628410494.921201468 -2.311743021 3.304606676 0.068211026 0.011835599 -0.002032012 0.766422496 0.642224530
1628410495.321685553 -2.395387650 3.625543594 0.074434102 0.011355290 -0.003006287 0.828047347 0.560535111
1628410495.722477674 -2.539582491 3.926803827 0.073066019 0.010141238 -0.003523588 0.880626615 0.473689249
1628410496.123251438 -2.721575975 4.194595814 0.087913781 0.006958721 -0.001970939 0.924207441 0.381822339
1628410496.524043083 -2.953022242 4.424860954 0.093406081 0.006481117 0.000161695 0.958722878 0.284268204
1628410496.924860001 -3.222886086 4.586120605 0.100361533 0.007665067 -0.000407859 0.983503803 0.180724511
1628410497.325644493 -3.558703184 4.672476292 0.104917705 0.006346069 -0.002953626 0.997284255 0.073315195
1628410498.528000116 -4.577896595 4.801348686 0.099483334 0.004310764 -0.008136781 0.990479076 0.137355051
1628410499.129189730 -5.033238888 4.979632378 0.113746449 0.004733172 -0.007665093 0.968254711 0.249803237
1628410499.732503414 -5.377973557 5.211956978 0.118208297 0.006439348 -0.007227028 0.928790291 0.370479285
1628410500.331745386 -5.652988911 5.457825184 0.132605121 0.007895518 -0.007218120 0.878334664 0.477926540
1628410500.933173180 -5.862873077 5.814266205 0.136401638 0.008460670 -0.006059835 0.811603646 0.584115756
1628410501.533993006 -5.987529755 6.174113750 0.132458463 0.007466496 -0.006910228 0.736702804 0.676140132
1628410501.934726000 -6.006153584 6.544754982 0.156192109 0.008595474 -0.007350545 0.656753168 0.754020798
1628410502.335521698 -5.927598476 6.878636360 0.160760626 0.008787809 -0.005758498 0.574595996 0.818369755
1628410502.736346483 -5.792272568 7.221194744 0.169847071 0.007203195 -0.003538527 0.477837453 0.878411613
1628410503.137327194 -5.516660213 7.571546078 0.156487837 0.002973248 -0.003270038 0.355528026 0.934655171
1628410503.537889004 -5.269605637 7.787710667 0.171819061 0.003592530 -0.001068716 0.240625291 0.970610849
1628410503.940495729 -4.945487022 7.941227913 0.170148149 0.003115918 -0.000378348 0.121829504 0.992546079
1628410505.141091347 -3.784178734 8.131121635 0.166793033 0.011013208 0.000841171 0.150063333 0.988614686
1628410505.742277861 -3.264725447 8.341616631 0.165960789 0.011170809 -0.001322981 0.261897298 0.965030190
1628410508.146982670 -2.941515684 8.541390419 0.166938528 0.006212756 0.000265001 0.369791517 0.929093949
1628410509.352520704 -3.622737408 7.955491066 0.151946560 0.010609636 0.000217293 0.251455386 0.967810714
1628410509.950533152 -3.920374632 7.816388607 0.156418562 0.010436512 0.002758477 0.144295257 0.989475795
1628410510.551894903 -4.331999302 7.722836018 0.148178220 0.012803314 0.004696924 0.009804497 0.999858933
1628410510.952503204 -4.679079533 7.736218452 0.155629560 0.013213639 0.005401944 -0.100430805 0.994841632
1628410511.353301048 -5.039641380 7.829582214 0.162531778 0.011853618 0.006035950 -0.220618127 0.975269553
1628410511.754111290 -5.366117477 8.010430336 0.164051309 0.011089087 0.006500135 -0.336719991 0.941517088
1628410513.357265472 -5.379986286 8.013805389 0.172936499 -0.000473405 0.002988232 -0.449521285 0.893264497
1628410513.758032560 -5.184969425 7.727722645 0.162843034 -0.004209654 0.007560069 -0.560281515 0.828257054
1628410514.158838272 -5.066628933 7.376059055 0.152284548 -0.004215011 0.012328928 -0.669323425 0.742856907
1628410514.559623241 -5.040414333 6.982970715 0.141217574 -0.003619996 0.011884135 -0.753413602 0.657429546
1628410515.361217499 -5.127048016 6.246646404 0.127264977 0.006650962 0.006672944 -0.654482553 0.756018402
1628410515.862184048 -5.009668350 5.825168133 0.117756151 0.007549741 0.006069486 -0.534341546 0.845213154
1628410516.264251947 -4.834722519 5.537524223 0.112452008 0.009184179 0.004436005 -0.434510291 0.900609116
1628410516.663872719 -4.617969036 5.298886776 0.099176824 0.011654446 0.002733980 -0.325988865 0.945297815
1628410517.064562321 -4.333859444 5.109282970 0.088241182 0.011572705 0.000375872 -0.206791542 0.978316508
1628410518.266931057 -3.296911716 4.798542976 0.085685782 0.004576779 0.004290181 -0.258883618 0.965888151
1628410518.667730093 -2.961529732 4.600386620 0.086872928 0.002593882 0.005147241 -0.368777292 0.929499912
1628410519.068622112 -2.659673214 4.362205982 0.088408783 0.000478001 0.004766230 -0.474409305 0.880291353
1628410519.469368458 -2.472411871 4.062037945 0.078552380 0.000554701 0.008144706 -0.573852189 0.818918202
1628410519.870120049 -2.356289864 3.713261604 0.069954135 -0.000317020 0.010012254 -0.669528782 0.742718564
1628410520.270896912 -2.333304644 3.320218325 0.072522759 -0.002325048 0.013304926 -0.760013555 0.649766858
1628410520.671736717 -2.423038006 2.915020704 0.058650184 -0.004612673 0.014687542 -0.840014331 0.542345759
1628410521.473269939 -2.971123457 2.056689978 0.046784144 0.004504168 0.005078412 -0.800057805 0.599884514
1628410521.974236727 -3.059119701 1.526767731 0.040356707 0.008149810 0.003435981 -0.675808406 0.737024269
1628410522.375029564 -2.996855021 1.131945014 0.025527222 0.007979350 0.002876253 -0.556841605 0.830575393
1628410522.775843143 -2.795779228 0.767484307 0.021868818 0.010250990 0.000800764 -0.423556392 0.905811381
1628410523.176608086 -2.480007648 0.462012053 0.007158351 0.012465916 -0.000163837 -0.272317317 0.962126734
1628410523.577400923 -2.041915417 0.289517730 0.007323538 0.014576613 -0.000869118 -0.104220508 0.994447008
1628410523.978215694 -1.569702864 0.253664494 0.014090480 0.015272015 -0.000589885 0.072446745 0.997255176
1628410524.379012108 -1.102972031 0.370974839 0.005269539 0.015482082 -0.001056948 0.249405041 0.968274916
1628410524.779766321 -0.705919445 0.659095526 0.017207310 0.014706577 -0.001391010 0.416740735 0.908905354
1628410525.180791855 -0.421213686 1.059007049 0.026683057 0.014261310 0.000095904 0.569627410 0.821779301
1628410525.581423283 -0.218394309 1.544295311 0.030214397 0.011318514 -0.001462181 0.702369875 0.711720670
1628410526.584402800 -0.388537169 2.673898458 0.068198249 0.003857140 -0.006908780 0.685564219 0.727969157
1628410527.188518286 -0.315638214 3.241315126 0.074928083 0.002104056 -0.006031002 0.596813561 0.802354518
1628410527.785695076 -0.148724124 3.710311890 0.084311061 0.004303349 -0.007671488 0.502097732 0.864766151
1628410529.990059614 -0.137306914 3.783441305 0.076811939 0.008147040 -0.002604775 0.379035916 0.925342431
1628410530.390841484 -0.374952704 3.577609301 0.062120922 0.009410294 0.000325139 0.264845418 0.964244909
1628410530.792180061 -0.683675587 3.431722403 0.066378251 0.010333527 0.000601736 0.139009014 0.990237017
1628410531.192744970 -1.047398806 3.352909327 0.055998728 0.011668924 0.001928210 0.006368477 0.999909776
1628410531.593212605 -1.406085968 3.385227680 0.061981328 0.014920968 0.002067586 -0.132224977 0.991105264
1628410531.993994236 -1.755631924 3.508179665 0.067136623 0.013719640 0.004304329 -0.271894233 0.962219710
1628410532.495540142 -2.139443874 3.816230536 0.076443851 0.013089842 0.004450437 -0.441947739 0.896934248
1628410532.895775318 -2.359992504 4.142064571 0.073109753 0.011836921 0.004402639 -0.569638776 0.821798132
1628410533.298240423 -2.463874340 4.529013157 0.079338901 0.010876921 0.002035736 -0.687629926 0.725977020
1628410533.697358370 -2.483896494 4.937507153 0.089012429 0.010812216 0.002280258 -0.792165964 0.610205688
1628410534.098155260 -2.298756123 5.359897137 0.098537877 0.008052301 0.004591830 -0.876280826 0.481711522
1628410535.701501846 -2.435804129 5.209018707 0.072443746 -0.004655974 0.012648006 -0.934474903 0.355773811
1628410536.102096796 -2.794500828 4.942202091 0.073626727 -0.005176083 0.016334654 -0.975073814 0.221218093
1628410536.503061295 -3.191523075 4.774022102 0.084280245 -0.005686026 0.018113309 -0.996970191 0.075432195
1628410536.903681278 -3.622957468 4.742318153 0.085394159 0.005168806 -0.018414922 0.997199705 0.072297452
1628410537.305458546 -4.009191990 4.836505890 0.093861394 0.004838189 -0.018322578 0.977128544 0.211803406
1628410537.705265522 -4.349376678 5.026519299 0.096082620 0.002856959 -0.014766590 0.941668466 0.336205719
1628410538.106048107 -4.601092339 5.265857697 0.095538914 0.002860073 -0.013543116 0.893896320 0.448060011
1628410538.506884575 -4.798353672 5.568978310 0.107542716 0.003919908 -0.013589803 0.834206622 0.551270590
1628410538.907638550 -4.916410923 5.892105579 0.116643734 0.003545431 -0.011355038 0.761375308 0.648202232
1628410539.308423519 -4.939711094 6.260302067 0.122209102 0.004072614 -0.010232801 0.673496096 0.739108728
1628410539.709240913 -4.885031223 6.648717403 0.121619008 0.002525129 -0.011533494 0.567789655 0.823089005
1628410540.110006809 -4.695388794 7.044691563 0.138163462 0.000500584 -0.007680766 0.443447549 0.896267274
1628410540.510798693 -4.399348736 7.366658211 0.138086468 0.000052284 -0.005361640 0.302596878 0.953103551
1628410540.911814213 -3.990620852 7.604345798 0.150703713 -0.001615092 -0.002909576 0.149534194 0.988750955
1628410541.314337254 -3.526770115 7.697886467 0.150574163 -0.002719834 -0.001431871 -0.011064360 0.999934064
1628410541.713161945 -3.000483990 7.602820396 0.145555526 -0.003388947 0.001279985 -0.174440145 0.984661116
1628410542.114476204 -2.558807611 7.381691456 0.132953674 -0.004540860 0.002830884 -0.334461352 0.942394275
1628410543.116220951 -1.666414380 6.537904263 0.124012239 0.012644381 0.002281871 -0.250763840 0.967963021
1628410544.117933750 -0.585881412 6.045091629 0.110574625 0.002678564 0.002214063 -0.372486690 0.928031028
1628410544.518970251 -0.350959122 5.577023029 0.105554275 0.003183527 0.003572090 -0.524600797 0.851334898
1628410544.919499636 -0.184485823 5.155708313 0.102267377 0.000981295 0.005974911 -0.639300679 0.768933014
1628410545.320286274 -0.128246590 4.715595722 0.077715382 0.002693752 0.009747117 -0.742424268 0.669853674
1628410545.721067429 -0.126572773 4.278513908 0.086248107 0.002960025 0.012060254 -0.818692290 0.574098182
1628410546.322253942 -0.229706720 3.600180626 0.072276622 0.009461554 0.001927729 -0.749421138 0.662023203
1628410546.723043442 -0.203802720 3.101731777 0.058256730 0.012289782 -0.000740346 -0.644950288 0.764125342
1628410547.123829842 -0.040830687 2.628000736 0.052684143 0.014899492 -0.001224033 -0.520644431 0.853642714
1628410547.524621725 0.176418945 2.195400000 0.037656631 0.015853676 -0.002851179 -0.391226023 0.920153645
1628410547.925422430 0.468047291 1.844152212 0.034163006 0.014900703 -0.004040017 -0.284671616 0.958500766
1628410548.727002382 1.133946657 1.254198790 0.026062898 0.004410786 0.004402448 -0.401173486 0.915980894
1628410550.530580521 1.154152513 1.506806016 0.029613676 0.005159585 0.004127743 -0.290118852 0.956967812
1628410550.931350708 0.896129608 1.656151652 0.040960446 0.003223070 0.003044969 -0.188974398 0.981972004
1628410551.332583904 0.612097025 1.754755616 0.045774825 0.002960822 0.001169027 -0.085657161 0.996319586
1628410551.733006477 0.302205950 1.790223241 0.043075860 0.001972988 -0.001034487 0.020666703 0.999783939
1628410552.133819103 -0.015066821 1.764050484 0.043487005 0.000716696 -0.002141156 0.132674993 0.991157025
1628410552.536390305 -0.345117182 1.654216647 0.036875479 -0.001610372 -0.002274655 0.255759541 0.966736412
1628410552.935308456 -0.656248868 1.431614637 0.034411021 -0.003197856 -0.004861543 0.391315300 0.920238271
1628410553.336088181 -0.949098408 1.093088031 0.033463515 -0.003804366 -0.005630378 0.524358010 0.851470788
1628410553.736875534 -1.107052326 0.653498292 0.026455661 -0.005092318 -0.008828521 0.652344580 0.757853993
1628410554.137662649 -1.141051054 0.166368246 0.015313751 -0.004836751 -0.011618537 0.765104644 0.643782960
1628410554.538453102 -1.007777333 -0.300827503 -0.002784759 -0.005242033 -0.016464117 0.858171454 0.513072324
1628410554.939284325 -0.729976177 -0.667699337 -0.024641890 -0.006114503 -0.016487753 0.928348194 0.371295566
1628410556.542427540 -0.516994655 -1.021985412 -0.026027713 0.008870412 -0.009231989 0.964849472 0.262491110
1628410557.043441057 -0.922182739 -0.867828608 -0.015062228 0.005794497 -0.000133518 0.993786968 0.111147954
1628410557.444252014 -1.288582563 -0.818322182 -0.007588929 -0.003155074 -0.000855083 -0.999589418 0.028465925
1628410558.045365334 -1.789071321 -0.870891869 -0.003777658 -0.002312956 0.001494991 -0.989975501 0.141212335
1628410559.247761250 -2.801424742 -1.283578873 -0.003130648 -0.002014434 0.002709685 -0.970179204 0.242365244
1628410560.450139761 -3.652248621 -1.816320300 0.011451311 -0.003058057 0.003556429 -0.955207403 0.295900013
1628410561.652544022 -4.405021667 -2.281159639 0.006041724 -0.005070481 0.006599717 -0.987498017 0.157411564
1628410563.255660295 -4.437201500 -2.285647631 0.027328484 -0.000498486 0.001826268 -0.998958337 0.045592296
1628410563.856964111 -3.816548586 -2.311747789 0.011602817 0.002376323 0.002614001 0.994995210 0.099860164
1628410564.257640362 -3.387876987 -2.456072092 -0.008196835 0.004046449 0.002467865 0.979671249 0.200553685
1628410564.858803749 -2.976843357 -2.783168077 -0.024304830 0.006091895 0.002177290 0.939104071 0.343571961
1628410565.660520554 -2.604147434 -3.168579578 -0.026610978 0.006375590 -0.000037254 0.893636966 0.448745277
1628410567.464124680 -1.966804147 -4.006614685 -0.052182611 0.001394596 -0.002359911 0.918903978 0.394471755
1628410569.267500639 -1.956806302 -4.062792301 -0.052430093 0.007489452 -0.002842955 0.955587802 0.294597655
1628410570.269492388 -2.704766989 -3.642841339 -0.026930226 0.004913790 -0.004810625 0.911210252 0.411884193
1628410570.870734453 -2.971149445 -3.283498287 -0.013818328 0.005157502 -0.003624150 0.847074963 0.531436048
1628410571.472522736 -3.120447397 -2.884911299 -0.012298952 0.004613328 -0.003643437 0.769654481 0.638433570
1628410572.076511860 -3.178518295 -2.423213482 -0.006090079 0.004955783 -0.003888492 0.670598812 0.741793470
1628410572.473827362 -3.133468866 -2.078120947 0.005043084 0.002893275 -0.003842771 0.588580435 0.808424353
1628410572.874647617 -2.996598482 -1.726743102 0.006710087 -0.000813141 -0.003799804 0.494150011 0.869367970
1628410573.275664806 -2.791046381 -1.439625025 0.006645327 -0.000036742 -0.002857824 0.394074408 0.919074095
1628410573.876604557 -2.299896955 -1.050773740 -0.009278328 0.002983130 -0.001921297 0.295246222 0.955414611
1628410574.477769613 -1.879844427 -0.707274497 0.005160888 0.007350344 0.000890772 0.395780781 0.918315171
1628410574.878586292 -1.584801435 -0.415130556 0.004441475 0.007399127 0.000146592 0.491761534 0.870698470
1628410575.280727148 -1.416468740 -0.079504684 0.007652453 0.008180620 -0.001302561 0.592852296 0.805268611
1628410575.680148363 -1.312043190 0.308044910 0.015385129 0.008701454 -0.001310440 0.693857599 0.720058470
1628410576.080953360 -1.306065798 0.730429590 0.013531181 0.007858443 -0.001143993 0.790630944 0.612241494
1628410576.481908083 -1.427345872 1.133926749 0.033910088 0.008775728 0.000860656 0.874909094 0.484206902
1628410576.882534742 -1.696953535 1.502983689 0.030595571 0.008051918 0.002317159 0.941153982 0.337874208
1628410577.684094191 -2.721151829 1.976911902 0.041276075 0.004295807 -0.009045926 0.942404703 0.334324831
1628410578.084887028 -3.110649109 2.296185493 0.052593902 0.003109308 -0.010601661 0.894331162 0.447269169
1628410578.485745907 -3.360907793 2.702468395 0.054107174 0.001925625 -0.010785265 0.822946819 0.568012767
1628410578.886504650 -3.458937168 3.138764620 0.065377727 0.001954593 -0.010224322 0.734562333 0.678461364
1628410579.287268877 -3.451326370 3.580749750 0.062686637 0.000691781 -0.010062253 0.634750434 0.772651383
1628410579.688310623 -3.331061602 4.013926029 0.073167235 -0.002256193 -0.007063573 0.524313110 0.851493264
1628410580.088840485 -3.113525152 4.383502007 0.079844438 -0.002409739 -0.006312588 0.404250350 0.914623419
1628410580.489641905 -2.794997454 4.693733692 0.084055282 -0.002949982 -0.005031891 0.272806355 0.962051283
1628410580.890440464 -2.374918461 4.914243221 0.091150820 -0.002775334 -0.004522328 0.131152876 0.991347956
1628410581.291199684 -1.893821836 5.020849228 0.085208528 -0.003417226 -0.001423861 -0.014084083 0.999893961
1628410581.692011833 -1.441873550 5.000829220 0.087463155 -0.004099445 0.000151961 -0.157691653 0.987479880
1628410582.092797279 -1.040595531 4.840670586 0.090443887 -0.002928390 0.001865072 -0.295751325 0.955258656
1628410582.593770742 -0.620149612 4.486526966 0.082034409 -0.001517456 0.006745697 -0.461075880 0.887333773
1628410582.994574070 -0.394768208 4.121687889 0.074551776 -0.001186634 0.009604427 -0.583547491 0.812021350
1628410583.395463943 -0.322504163 3.683078527 0.064852722 -0.002100192 0.010791922 -0.685098326 0.728367632
1628410584.397475958 -0.247089997 2.534893513 0.058327347 0.009784381 0.003698406 -0.571468857 0.820557087
1628410584.798121929 -0.064483829 2.134161949 0.040162664 0.012017765 0.000691533 -0.458631924 0.888544795
1628410587.203055859 0.258673042 1.838146925 0.041693918 0.007385692 0.004388067 -0.348043868 0.937438885
1628410587.808492184 -0.046071403 2.062029600 0.042460520 0.005646522 0.004462589 -0.228436522 0.973532207
1628410588.204876661 -0.366633922 2.188036203 0.042643335 0.004845729 0.004008697 -0.121499875 0.992571524
1628410588.605624437 -0.775409281 2.236343861 0.048869919 0.001533236 0.003924200 0.011707070 0.999922594
1628410589.006453753 -1.226679921 2.178759098 0.033257078 -0.002008950 -0.000099565 0.166759251 0.985995591
1628410589.407236814 -1.539536834 2.025268555 -0.067318983 -0.001739596 -0.011840027 0.513147216 0.858217177
1628410589.808048725 -1.698512673 1.590243816 0.001378519 -0.003046561 -0.010346354 0.646214448 0.763079654
1628410591.411181927 -1.680833936 1.216319799 0.007968236 0.014626024 -0.008979626 0.724096973 0.689484604
1628410591.811968803 -1.734227300 1.611492753 0.014541791 0.013724757 -0.004725245 0.805733080 0.592100926
1628410592.212959766 -1.906072259 2.045186043 0.017112834 0.012608077 0.000616288 0.880952450 0.473036401
1628410592.613868237 -2.168581963 2.396955252 0.033408683 0.009063251 0.001453583 0.938470585 0.345237174
1628410593.014380693 -2.512146711 2.652735472 0.038241137 0.006981165 0.000837390 0.976101067 0.217203288
1628410593.415134668 -2.853288889 2.840693951 0.040183574 0.006377144 0.000088157 0.994084816 0.108419105
1628410594.216703415 -3.498033762 3.128657579 0.064758293 0.006753613 -0.007265583 0.974231977 0.225330103
1628410594.617501736 -3.836951256 3.302865982 0.067596659 0.006805733 -0.006623859 0.942249440 0.334777238
1628410595.018281460 -4.127118111 3.583589554 0.085956581 0.005345540 -0.006150323 0.895761761 0.444459746
1628410595.419059753 -4.337037563 3.914222479 0.098806873 0.005929924 -0.007087445 0.834348466 0.551159905
1628410595.819876194 -4.473030567 4.305740833 0.095494419 0.003552242 -0.007982263 0.757731568 0.652507882
1628410596.220659018 -4.494087696 4.734332085 0.104366809 0.002951346 -0.008005722 0.663320763 0.748286552
1628410596.621428967 -4.447502136 5.133363724 0.098500587 0.002817029 -0.007913654 0.577529791 0.816326393
1628410597.423020840 -4.150327682 6.069617271 0.109523587 0.010747994 -0.003479358 0.682936007 0.730390844
1628410597.823804855 -4.143457890 6.541532040 0.118839383 0.008988312 -0.003407912 0.766349482 0.642351981
1628410599.827756882 -4.311743736 7.038178921 0.139135748 0.002072530 -0.007039997 0.826599943 0.562742106
1628410600.429299593 -4.128847599 6.705468178 0.118361369 0.000782065 -0.009754201 0.893269185 0.449415628
1628410600.829878807 -3.939433575 6.493454933 0.114794701 -0.000662367 -0.012150920 0.934430540 0.355937469
1628410601.230983973 -3.713933945 6.304965496 0.117987439 0.000020496 -0.012328234 0.968307883 0.249455121
1628410601.731860161 -3.329223633 6.157815933 0.116312601 -0.001229746 -0.015252012 0.994679850 0.101871781
1628410602.132430792 -2.981165171 6.122572422 0.116723560 0.002038149 0.017692387 -0.999585541 0.022617952
1628410603.535081148 -2.898766994 6.115297318 0.102372862 -0.005348685 0.006431090 -0.989981884 0.140946453
1628410603.935868263 -3.258302212 5.981548309 0.108146638 -0.001240301 0.002482062 -0.959423946 0.281953884
1628410604.336647749 -3.620840311 5.724623680 0.106858075 0.004383225 0.001284623 -0.908522441 0.417811094
1628410604.737435341 -3.872717381 5.388369560 0.099806435 0.007964884 0.000465888 -0.847260181 0.531118188
1628410606.140324831 -4.173513889 4.766882896 0.083327144 0.005146822 0.009142363 -0.897299068 0.441298436
1628410607.342591047 -4.001089096 5.079185963 0.090354316 0.004968582 0.009917902 -0.828578803 0.559762553
1628410607.943777084 -3.894894838 5.479481220 0.090294793 0.004960282 0.010755484 -0.732927161 0.680204007
1628410608.344565392 -3.892719507 5.782952785 0.105962619 0.004873842 0.010854841 -0.650832881 0.759127775
1628410608.945752859 -3.994246006 6.229763031 0.115992591 0.003905391 0.006079584 -0.571891363 0.820297541
1628410609.947715998 -3.880607367 5.914654255 0.108559415 0.004743378 -0.000596706 -0.475665014 0.879613517
1628410610.348500490 -3.617568493 5.574621677 0.101485811 0.011695735 -0.002025916 -0.336466525 0.941620615
1628410610.749538898 -3.218340158 5.318996429 0.092363976 0.017830090 -0.001753766 -0.163486889 0.986382811
1628410611.150113583 -2.754292488 5.220288754 0.084998935 0.018203152 -0.000814421 -0.049566816 0.998604583
1628410611.951674223 -1.915484309 5.091758728 0.082080767 0.006452059 0.001686508 -0.185311107 0.982657275
1628410612.553452969 -1.500472546 4.886120319 0.081310906 0.007701605 0.003559424 -0.324997635 0.945676770
1628410613.154027939 -1.169681787 4.579284191 0.080192290 0.005190318 0.004638516 -0.463960967 0.885828294
1628410613.554831505 -0.967959523 4.255136490 0.063197084 0.002761444 0.006541687 -0.569070171 0.822258306
1628410613.955611706 -0.813334823 3.855057955 0.045328371 0.000408941 0.009079976 -0.680354116 0.732827172
1628410614.356819153 -0.786065876 3.415470600 0.048443239 0.001285987 0.010625343 -0.785398575 0.618897832
1628410614.760834217 -0.919734716 2.959170580 0.026457235 -0.001728480 0.014545602 -0.873035482 0.487436647
1628410615.158086538 -1.212669849 2.579150677 0.026991777 -0.000602309 0.016475987 -0.939389105 0.342456256
1628410615.559042215 -1.588341475 2.304822445 0.027205247 -0.001886746 0.018097504 -0.981535380 0.190413282
1628410615.959620237 -2.025685072 2.163866520 0.033924397 -0.001822241 0.018671080 -0.999150470 0.036693441
1628410616.360348225 -2.483440161 2.149997950 0.040617246 0.002961187 -0.018197368 0.992991158 0.116741796
1628410616.761255264 -2.944380045 2.288285732 0.037002362 0.003114240 -0.016316294 0.963453926 0.267358584
1628410617.161924362 -3.317260265 2.542913198 0.047710039 0.002604148 -0.015726746 0.911839533 0.410237192
1628410617.562722445 -3.608847618 2.919385195 0.052182402 0.002715351 -0.015049274 0.838634299 0.544480172
1628410617.963540077 -3.749992132 3.372424603 0.060039517 -0.002126101 -0.012977572 0.745345943 0.666548188
1628410618.364302397 -3.755500793 3.858672857 0.062091481 -0.003386514 -0.010748087 0.632296324 0.774644673
1628410618.765102625 -3.514911413 4.397018909 0.060712803 -0.000558998 -0.011439726 0.535765888 0.844288892
1628410619.366439104 -3.082404375 5.205441952 0.066928349 0.009403492 -0.004796091 0.618823308 0.785459283
1628410619.767063618 -2.989116669 5.717730045 0.089487702 0.009690445 -0.003095589 0.724232350 0.689480975
1628410620.167854309 -3.074913502 6.178259373 0.100802116 0.008774604 -0.002255391 0.825511077 0.564313195
1628410620.568744421 -3.282196522 6.566446781 0.100774094 0.007441468 -0.002177090 0.907165334 0.420702914
1628410620.969435692 -3.595582962 6.877560616 0.121501513 0.005530636 -0.002280627 0.962612857 0.270814878
1628410621.370233536 -3.972829103 7.047382832 0.127448127 0.003399117 -0.002711339 0.992393375 0.123030420
1628410621.871242046 -4.455910206 7.108566761 0.130227312 -0.002600360 0.003373820 -0.998205735 0.059725758
1628410622.272208214 -4.832776546 7.040372849 0.128588125 0.000053052 0.001784878 -0.979252776 0.202634676
1628410622.673104286 -5.166077614 6.858026505 0.124580964 0.001948424 0.001998961 -0.939927993 0.341361356
1628410623.073587656 -5.421088696 6.565416336 0.130181685 0.003475023 0.001694502 -0.879204340 0.476429199
1628410623.475142479 -5.630536556 6.216631889 0.118629150 0.006483822 0.001670885 -0.798249317 0.602289961
1628410623.875190735 -5.834167004 5.813054085 0.092866808 0.008299181 0.002222131 -0.723823696 0.689931477
1628410625.077564716 -5.745513916 4.792361736 0.086793557 0.006819374 0.007382077 -0.644810509 0.764276395
