1628410561.151498556 -2.4845 -3.6754 -0.0032 -0.0049 0.0059 -0.8643 0.5030
1628410561.752705574 -2.7711 -4.0786 -0.0022 -0.0076 0.0063 -0.9252 0.3794
1628410563.355855942 -2.6476 -3.9478 0.0173 -0.0004 0.0016 -0.9617 0.2742
1628410563.957027435 -2.0192 -3.6770 0.0042 -0.0029 -0.0022 -0.9915 0.1304
1628410564.357812643 -1.5686 -3.6315 -0.0105 -0.0037 -0.0024 -0.9995 0.0301
1628410564.959003925 -0.9568 -3.6873 -0.0281 0.0046 0.0001 0.9952 0.0978
1628410565.760629416 -0.4314 -3.7820 -0.0428 0.0048 -0.0013 0.9796 0.2007
1628410567.564168453 0.5496 -4.1746 -0.0697 0.0013 -0.0064 0.9937 0.1117
1628410570.570126057 -0.5480 -4.1593 -0.0389 0.0056 -0.0050 0.9762 0.2166
1628410571.172514439 -0.9281 -3.9462 -0.0241 0.0055 -0.0048 0.9389 0.3440
1628410571.772433758 -1.2403 -3.6418 -0.0162 0.0062 -0.0054 0.8844 0.4667
1628410572.373626947 -1.4808 -3.2212 -0.0025 0.0063 -0.0042 0.8033 0.5956
1628410572.774420977 -1.5662 -2.8684 0.0129 0.0042 -0.0029 0.7338 0.6794
1628410573.175234079 -1.5665 -2.4777 0.0139 0.0036 -0.0021 0.6516 0.7585
1628410573.576010227 -1.4554 -2.0388 -0.0031 0.0024 -0.0039 0.5612 0.8276
1628410574.577983141 -1.2491 -1.3149 0.0095 0.0088 0.0017 0.6412 0.7673
1628410574.978778362 -1.1761 -0.9153 0.0035 0.0093 0.0014 0.7227 0.6910
1628410575.379596233 -1.2143 -0.5425 0.0185 0.0097 0.0011 0.8021 0.5971
1628410575.780396461 -1.3459 -0.1600 0.0237 0.0100 0.0020 0.8758 0.4825
1628410576.181141853 -1.5823 0.1846 0.0345 0.0105 0.0024 0.9376 0.3476
1628410576.581937790 -1.9145 0.4539 0.0399 0.0092 0.0025 0.9802 0.1980
1628410576.982732296 -2.3730 0.5737 0.0462 0.0080 0.0028 0.9992 0.0387
1628410577.784413815 -3.4795 0.4648 0.0516 0.0070 -0.0104 0.9945 0.1037
1628410578.185108662 -3.9572 0.5846 0.0587 0.0066 -0.0110 0.9733 0.2291
1628410578.585887432 -4.3553 0.8399 0.0613 0.0058 -0.0106 0.9312 0.3642
1628410578.986688137 -4.6370 1.1818 0.0662 0.0058 -0.0106 0.8715 0.4903
1628410579.387452126 -4.8284 1.5731 0.0799 0.0043 -0.0096 0.7968 0.6041
1628410579.788252831 -4.9254 1.9897 0.0853 0.0009 -0.0080 0.7089 0.7052
1628410580.189074516 -4.8997 2.4180 0.0925 0.0007 -0.0074 0.6062 0.7953
1628410580.589840412 -4.7496 2.8379 0.1024 0.0011 -0.0049 0.4883 0.8726
1628410580.990623713 -4.4797 3.2017 0.1060 -0.0001 -0.0033 0.3586 0.9335
1628410581.391409636 -4.1137 3.5031 0.1062 -0.0021 -0.0007 0.2205 0.9754
1628410581.792511463 -3.7145 3.6863 0.1121 -0.0031 -0.0001 0.0787 0.9969
1628410582.192983627 -3.2779 3.7142 0.0998 -0.0031 0.0030 -0.0630 0.9980
1628410582.593770742 -2.8489 3.6229 0.0943 -0.0013 0.0059 -0.2042 0.9789
1628410582.994574070 -2.4692 3.4070 0.0845 -0.0026 0.0093 -0.3417 0.9398
1628410583.395463943 -2.1867 3.0685 0.0771 -0.0040 0.0104 -0.4612 0.8872
1628410584.397475719 -1.4944 2.1569 0.0638 0.0099 0.0067 -0.3279 0.9446
1628410584.798121929 -1.1367 1.8894 0.0538 0.0125 0.0047 -0.1998 0.9797
1628410587.203055859 -0.7013 1.7998 0.0489 0.0069 0.0069 -0.0806 0.9967
1628410587.808492184 -1.0904 1.8119 0.0478 0.0056 0.0059 0.0458 0.9989
1628410588.204876661 -1.4280 1.7407 0.0544 0.0053 0.0047 0.1545 0.9880
1628410588.605624199 -1.8094 1.5545 0.0520 0.0022 0.0034 0.2851 0.9585
1628410589.006453753 -2.1700 1.2549 0.0438 -0.0011 -0.0006 0.4311 0.9023
1628410589.407236814 -2.4543 0.8222 0.0390 -0.0025 -0.0043 0.5780 0.8160
1628410589.808048725 -2.5480 0.3602 0.0401 -0.0012 -0.0077 0.7036 0.7105
1628410591.411181927 -2.4917 -0.0192 0.0242 0.0162 -0.0057 0.7759 0.6307
1628410591.811968803 -2.6197 0.3653 0.0301 0.0156 -0.0009 0.8502 0.5263
1628410592.212959766 -2.8522 0.7688 0.0410 0.0134 0.0036 0.9158 0.4013
1628410592.613868237 -3.1856 1.0600 0.0488 0.0115 0.0058 0.9631 0.2690
1628410593.014380693 -3.5602 1.2534 0.0657 0.0098 0.0050 0.9903 0.1385
1628410593.415134668 -3.9430 1.3459 0.0655 0.0083 0.0022 0.9996 0.0278
1628410594.216703415 -4.6794 1.4389 0.0806 0.0079 -0.0083 0.9895 0.1440
1628410594.617501736 -5.0601 1.5663 0.0788 0.0072 -0.0078 0.9669 0.2551
1628410595.018281460 -5.4032 1.7830 0.0922 0.0051 -0.0069 0.9296 0.3684
1628410595.419059753 -5.6687 2.0731 0.1004 0.0061 -0.0079 0.8775 0.4795
1628410595.819876194 -5.8746 2.4360 0.1017 0.0046 -0.0084 0.8096 0.5869
1628410596.220659018 -5.9765 2.8488 0.1036 0.0035 -0.0083 0.7235 0.6903
1628410596.621428967 -6.0017 3.2658 0.1111 0.0032 -0.0074 0.6439 0.7650
1628410597.423020840 -5.8655 4.2563 0.1268 0.0114 -0.0003 0.7417 0.6706
1628410597.823804855 -5.9465 4.7312 0.1310 0.0099 -0.0007 0.8174 0.5760
1628410600.028210402 -6.1222 5.0857 0.1535 0.0029 -0.0052 0.8895 0.4569
1628410600.629622459 -5.8650 4.7840 0.1387 0.0024 -0.0103 0.9453 0.3261
1628410601.030153751 -5.6282 4.6089 0.1307 0.0015 -0.0120 0.9747 0.2232
1628410601.431577682 -5.3451 4.4914 0.1279 0.0007 -0.0144 0.9940 0.1085
1628410601.831716061 -5.0148 4.4554 0.1243 -0.0015 0.0141 -0.9998 0.0133
1628410602.232568264 -4.6524 4.5132 0.1184 -0.0009 0.0163 -0.9911 0.1320
1628410603.635277033 -4.7580 4.4469 0.1142 -0.0062 0.0052 -0.9668 0.2553
1628410604.036396742 -5.1104 4.2029 0.1219 -0.0011 0.0008 -0.9175 0.3977
1628410604.436841488 -5.3990 3.8510 0.1196 0.0036 0.0006 -0.8510 0.5251
1628410604.837631226 -5.5735 3.4696 0.1116 0.0075 0.0022 -0.7910 0.6118
1628410605.839607477 -5.7167 2.9176 0.0950 0.0044 0.0096 -0.8511 0.5249
1628410607.242393255 -5.6002 3.1968 0.1015 0.0042 0.0107 -0.7907 0.6121
1628410607.843591452 -5.5460 3.6042 0.1096 0.0029 0.0122 -0.6918 0.7220
1628410608.244358063 -5.5728 3.9042 0.1140 0.0033 0.0118 -0.6061 0.7953
1628410608.645155430 -5.6821 4.1967 0.1181 0.0036 0.0104 -0.5148 0.8573
1628410609.847513914 -5.6750 4.1765 0.1298 0.0023 0.0009 -0.4259 0.9048
1628410610.248297215 -5.3887 3.8966 0.1162 0.0107 -0.0005 -0.2941 0.9557
1628410610.649098396 -4.9660 3.6877 0.0991 0.0166 -0.0003 -0.1223 0.9924
1628410611.049892664 -4.5051 3.6036 0.0940 0.0181 0.0017 0.0238 0.9996
1628410612.052014351 -3.4265 3.6410 0.0950 0.0047 0.0055 -0.1262 0.9920
1628410612.653053284 -3.0090 3.4853 0.0938 0.0044 0.0063 -0.2640 0.9645
1628410613.053848982 -2.7432 3.3209 0.0826 0.0035 0.0071 -0.3593 0.9332
1628410613.454774380 -2.4908 3.0683 0.0757 -0.0001 0.0086 -0.4670 0.8842
1628410613.855435371 -2.2538 2.7304 0.0630 -0.0024 0.0095 -0.5841 0.8116
1628410614.256233215 -2.1195 2.3029 0.0527 -0.0031 0.0124 -0.7002 0.7138
1628410614.657205582 -2.1293 1.8294 0.0518 -0.0045 0.0151 -0.8038 0.5947
1628410615.057819366 -2.3031 1.3717 0.0410 -0.0042 0.0168 -0.8880 0.4595
1628410615.458574533 -2.6043 1.0052 0.0422 -0.0055 0.0180 -0.9492 0.3140
1628410615.859382629 -3.0238 0.7309 0.0415 -0.0057 0.0190 -0.9866 0.1618
1628410616.260221243 -3.4490 0.6036 0.0489 -0.0073 0.0178 -0.9998 0.0087
1628410616.660993099 -3.9414 0.6291 0.0548 0.0053 -0.0167 0.9891 0.1461
1628410617.061826706 -4.3927 0.7824 0.0625 0.0044 -0.0148 0.9550 0.2963
1628410617.462533951 -4.7883 1.0444 0.0793 0.0047 -0.0129 0.8982 0.4394
1628410617.863321304 -5.0620 1.4238 0.0845 0.0013 -0.0105 0.8190 0.5737
1628410618.264109135 -5.2372 1.9205 0.0889 -0.0006 -0.0086 0.7068 0.7073
1628410618.664949656 -5.1425 2.4485 0.0916 -0.0006 -0.0087 0.5971 0.8021
1628410619.467946529 -4.8461 3.4475 0.0953 0.0115 0.0007 0.6934 0.7205
1628410619.867418528 -4.8473 3.9722 0.1000 0.0110 0.0007 0.7926 0.6096
1628410620.268072128 -5.0174 4.4061 0.1164 0.0100 0.0013 0.8820 0.4712
1628410620.668872356 -5.3100 4.7496 0.1239 0.0085 0.0016 0.9470 0.3213
1628410621.069647789 -5.6842 4.9513 0.1373 0.0051 0.0009 0.9855 0.1694
1628410621.470441818 -6.1053 5.0135 0.1404 0.0043 -0.0006 0.9998 0.0196
1628410621.871242046 -6.4904 4.9931 0.1478 -0.0037 0.0016 -0.9922 0.1248
1628410622.272208214 -6.8563 4.8720 0.1458 -0.0016 0.0010 -0.9643 0.2648
1628410622.673104286 -7.1510 4.6538 0.1495 -0.0010 0.0014 -0.9168 0.3993
1628410623.073587656 -7.3672 4.3421 0.1546 0.0011 0.0022 -0.8483 0.5295
1628410623.475142479 -7.5129 3.9770 0.1531 0.0023 0.0026 -0.7608 0.6490
1628410623.875190735 -7.5888 3.6363 0.1321 0.0057 0.0046 -0.6785 0.7346
1628410624.877148151 -7.4058 2.7358 0.1247 0.0050 0.0095 -0.6016 0.7987
