1628410023.970000029 -4.5711 -4.8001 -4.8281 0 0 0 0
1628410024.160000086 -4.5711 -4.8001 -4.8281 0 0 0 0
1628410024.290000200 -4.5711 -4.8002 -4.8281 0 0 0 0
1628410024.450000048 -4.5713 -4.8004 -4.8282 0 0 0 0
1628410024.600000143 -4.5713 -4.8003 -4.8282 0 0 0 0
1628410024.720000029 -4.5711 -4.8001 -4.8281 0 0 0 0
1628410024.820000172 -4.5713 -4.8003 -4.8282 0 0 0 0
1628410024.990000010 -4.5711 -4.8001 -4.8281 0 0 0 0
1628410025.190000057 -4.5713 -4.8003 -4.8282 0 0 0 0
1628410025.330000162 -4.5711 -4.8002 -4.8281 0 0 0 0
1628410025.430000067 -4.5712 -4.8003 -4.8281 0 0 0 0
1628410025.540000200 -4.5711 -4.8001 -4.8281 0 0 0 0
1628410025.700000048 -4.5710 -4.8000 -4.8280 0 0 0 0
1628410025.860000134 -4.5710 -4.7999 -4.8280 0 0 0 0
1628410026.050000191 -4.5711 -4.8001 -4.8281 0 0 0 0
1628410026.170000076 -4.5710 -4.8000 -4.8280 0 0 0 0
1628410026.290000200 -4.5709 -4.7999 -4.8279 0 0 0 0
1628410026.420000076 -4.5709 -4.7998 -4.8280 0 0 0 0
1628410026.590000153 -4.5709 -4.7999 -4.8280 0 0 0 0
1628410026.750000000 -4.5709 -4.7998 -4.8279 0 0 0 0
1628410026.860000134 -4.5711 -4.8000 -4.8280 0 0 0 0
1628410026.980000019 -4.5713 -4.8003 -4.8281 0 0 0 0
1628410027.080000162 -4.5713 -4.8003 -4.8281 0 0 0 0
1628410027.300000191 -4.5712 -4.8002 -4.8280 0 0 0 0
1628410027.460000038 -4.5713 -4.8004 -4.8283 0 0 0 0
1628410027.570000172 -4.5713 -4.8004 -4.8284 0 0 0 0
1628410027.710000038 -4.5715 -4.8007 -4.8285 0 0 0 0
1628410027.850000143 -4.5713 -4.8005 -4.8283 0 0 0 0
1628410027.970000029 -4.5714 -4.8006 -4.8284 0 0 0 0
1628410028.090000153 -4.5714 -4.8005 -4.8284 0 0 0 0
1628410028.190000057 -4.5713 -4.8004 -4.8283 0 0 0 0
1628410028.410000086 -4.5714 -4.8006 -4.8284 0 0 0 0
1628410028.550000191 -4.5713 -4.8005 -4.8284 0 0 0 0
1628410028.660000086 -4.5714 -4.8006 -4.8284 0 0 0 0
1628410028.790000200 -4.5714 -4.8006 -4.8284 0 0 0 0
1628410028.910000086 -4.5714 -4.8006 -4.8284 0 0 0 0
1628410029.020000219 -4.5712 -4.8003 -4.8283 0 0 0 0
1628410029.200000048 -4.5711 -4.8002 -4.8283 0 0 0 0
1628410029.380000114 -4.5709 -4.7998 -4.8281 0 0 0 0
1628410029.480000019 -4.5710 -4.8000 -4.8282 0 0 0 0
1628410029.640000105 -4.5711 -4.8002 -4.8282 0 0 0 0
1628410029.770000219 -4.5713 -4.8005 -4.8283 0 0 0 0
1628410029.920000076 -4.5712 -4.8003 -4.8283 0 0 0 0
1628410030.090000153 -4.5713 -4.8005 -4.8284 0 0 0 0
1628410030.210000038 -4.5719 -4.8014 -4.8288 0 0 0 0
1628410030.380000114 -4.5725 -4.8022 -4.8292 0 0 0 0
1628410030.530000210 -4.5745 -4.8051 -4.8304 0 0 0 0
1628410030.630000114 -4.5756 -4.8067 -4.8312 0 0 0 0
1628410030.750000000 -4.5771 -4.8088 -4.8322 0 0 0 0
1628410030.870000124 -4.5782 -4.8105 -4.8330 0 0 0 0
1628410030.970000029 -4.5834 -4.8180 -4.8364 0 0 0 0
1628410031.110000134 -4.5951 -4.8348 -4.8440 0 0 0 0
1628410031.230000019 -4.5912 -4.8292 -4.8414 0 0 0 0
1628410031.330000162 -4.6156 -4.8645 -4.8576 0 0 0 0
1628410031.520000219 -4.6499 -4.9140 -4.8801 0 0 0 0
1628410031.650000095 -4.6268 -4.8807 -4.8649 0 0 0 0
1628410031.780000210 -4.5308 -4.7420 -4.8017 0 0 0 0
1628410031.890000105 -4.5440 -4.7610 -4.8103 0 0 0 0
1628410032.050000191 -4.5971 -4.8378 -4.8454 0 0 0 0
1628410032.160000086 -4.7023 -4.9898 -4.9147 0 0 0 0
1628410032.280000210 -4.6920 -4.9749 -4.9079 0 0 0 0
1628410032.440000057 -4.6863 -4.9665 -4.9041 0 0 0 0
1628410032.620000124 -4.6933 -4.9767 -4.9087 0 0 0 0
1628410032.730000019 -4.7022 -4.9896 -4.9146 0 0 0 0
1628410032.900000095 -4.7107 -5.0019 -4.9202 0 0 0 0
1628410033.080000162 -4.7078 -4.9976 -4.9183 0 0 0 0
1628410033.200000048 -4.7084 -4.9986 -4.9187 0 0 0 0
1628410033.330000162 -4.7079 -4.9979 -4.9184 0 0 0 0
1628410033.450000048 -4.7098 -5.0005 -4.9196 0 0 0 0
1628410033.560000181 -4.7118 -5.0035 -4.9209 0 0 0 0
1628410033.660000086 -4.7122 -5.0040 -4.9212 0 0 0 0
1628410033.870000124 -4.7121 -5.0039 -4.9211 0 0 0 0
1628410033.990000010 -7.0259 -8.3467 -6.4453 0 0 0 0
1628410034.090000153 -7.0258 -8.3466 -6.4453 0 0 0 0
1628410034.360000134 -7.0262 -8.3471 -6.4456 0 0 0 0
1628410034.580000162 -7.0261 -8.3470 -6.4456 0 0 0 0
1628410034.820000172 -7.0265 -8.3476 -6.4457 0 0 0 0
1628410035.009999990 -5.4016 -5.9999 -5.3752 0 0 0 0
1628410035.160000086 -5.0831 -5.5397 -5.1653 0 0 0 0
1628410035.270000219 -5.1363 -5.6167 -5.2003 0 0 0 0
1628410035.390000105 -7.0267 -8.3477 -6.4455 0 0 0 0
1628410035.500000000 -7.0267 -8.3478 -6.4457 0 0 0 0
1628410035.670000076 -7.0266 -8.3477 -6.4456 0 0 0 0
1628410035.850000143 -7.0266 -8.3477 -6.4456 0 0 0 0
1628410035.980000019 -7.0266 -8.3476 -6.4456 0 0 0 0
1628410036.110000134 -7.0267 -8.3477 -6.4456 0 0 0 0
1628410036.220000029 -7.0265 -8.3474 -6.4455 0 0 0 0
1628410036.420000076 -7.0266 -8.3476 -6.4456 0 0 0 0
1628410036.580000162 -7.0266 -8.3476 -6.4455 0 0 0 0
1628410036.680000067 -7.0268 -8.3478 -6.4456 0 0 0 0
1628410036.840000153 -7.0265 -8.3474 -6.4455 0 0 0 0
1628410036.960000038 -7.0266 -8.3475 -6.4455 0 0 0 0
1628410037.080000162 -7.0267 -8.3476 -6.4455 0 0 0 0
1628410037.200000048 -7.0266 -8.3475 -6.4455 0 0 0 0
1628410037.310000181 -7.0266 -8.3475 -6.4455 0 0 0 0
1628410037.509999990 -7.0267 -8.3477 -6.4456 0 0 0 0
1628410037.620000124 -7.0267 -8.3477 -6.4456 0 0 0 0
1628410037.790000200 -7.0267 -8.3477 -6.4456 0 0 0 0
1628410037.930000067 -7.0267 -8.3477 -6.4456 0 0 0 0
1628410038.030000210 -7.0266 -8.3476 -6.4456 0 0 0 0
1628410038.150000095 -7.0266 -8.3475 -6.4455 0 0 0 0
1628410038.290000200 -7.0268 -8.3478 -6.4456 0 0 0 0
1628410038.440000057 -7.0268 -8.3477 -6.4457 0 0 0 0
1628410038.590000153 -7.0266 -8.3476 -6.4456 0 0 0 0
1628410038.780000210 -7.0267 -8.3478 -6.4456 0 0 0 0
1628410038.890000105 -7.0267 -8.3477 -6.4456 0 0 0 0
1628410039.000000000 -7.0267 -8.3477 -6.4455 0 0 0 0
1628410039.140000105 -7.0266 -8.3475 -6.4455 0 0 0 0
1628410039.290000200 -7.0269 -8.3479 -6.4457 0 0 0 0
1628410039.450000048 -7.0268 -8.3478 -6.4456 0 0 0 0
1628410039.560000181 -7.0267 -8.3477 -6.4456 0 0 0 0
1628410039.710000038 -7.0268 -8.3478 -6.4457 0 0 0 0
1628410039.880000114 -7.0266 -8.3476 -6.4455 0 0 0 0
1628410040.050000191 -7.0266 -8.3475 -6.4455 0 0 0 0
1628410040.170000076 -7.0268 -8.3477 -6.4456 0 0 0 0
1628410040.360000134 -7.0267 -8.3477 -6.4456 0 0 0 0
1628410040.520000219 -7.0266 -8.3476 -6.4456 0 0 0 0
1628410040.640000105 -7.0265 -8.3474 -6.4454 0 0 0 0
1628410040.759999990 -7.0266 -8.3476 -6.4456 0 0 0 0
1628410040.890000105 -7.0267 -8.3477 -6.4456 0 0 0 0
1628410041.060000181 -7.0266 -8.3475 -6.4455 0 0 0 0
1628410041.180000067 -7.0265 -8.3474 -6.4455 0 0 0 0
1628410041.290000200 -7.0265 -8.3474 -6.4455 0 0 0 0
1628410041.400000095 -7.0266 -8.3476 -6.4455 0 0 0 0
1628410041.580000162 -7.0267 -8.3477 -6.4456 0 0 0 0
1628410041.730000019 -7.0266 -8.3475 -6.4456 0 0 0 0
1628410041.930000067 -7.0266 -8.3475 -6.4455 0 0 0 0
1628410042.110000134 -7.0267 -8.3477 -6.4456 0 0 0 0
1628410042.220000029 -7.0266 -8.3476 -6.4456 0 0 0 0
1628410042.420000076 -7.0266 -8.3475 -6.4455 0 0 0 0
1628410042.570000172 -7.0264 -8.3473 -6.4454 0 0 0 0
1628410042.710000038 -7.0267 -8.3476 -6.4456 0 0 0 0
1628410042.820000172 -7.0266 -8.3475 -6.4455 0 0 0 0
1628410042.980000019 -7.0265 -8.3474 -6.4455 0 0 0 0
1628410043.120000124 -7.0266 -8.3475 -6.4455 0 0 0 0
1628410043.240000010 -7.0266 -8.3475 -6.4455 0 0 0 0
1628410043.340000153 -7.0265 -8.3474 -6.4454 0 0 0 0
1628410043.530000210 -7.0266 -8.3475 -6.4456 0 0 0 0
1628410043.650000095 -7.0265 -8.3473 -6.4455 0 0 0 0
1628410043.750000000 -7.0267 -8.3478 -6.4456 0 0 0 0
1628410043.910000086 -7.0265 -8.3474 -6.4455 0 0 0 0
1628410044.009999990 -7.0266 -8.3475 -6.4456 0 0 0 0
1628410044.120000124 -7.0267 -8.3477 -6.4457 0 0 0 0
1628410044.290000200 -7.0267 -8.3477 -6.4456 0 0 0 0
1628410044.440000057 -7.0266 -8.3476 -6.4456 0 0 0 0
1628410044.620000124 -7.0265 -8.3474 -6.4455 0 0 0 0
1628410044.770000219 -7.0266 -8.3475 -6.4455 0 0 0 0
1628410044.880000114 -7.0266 -8.3476 -6.4455 0 0 0 0
1628410045.009999990 -7.0266 -8.3475 -6.4455 0 0 0 0
1628410045.180000067 -7.0267 -8.3477 -6.4457 0 0 0 0
1628410045.330000162 -7.0266 -8.3475 -6.4455 0 0 0 0
1628410045.430000067 -7.0265 -8.3474 -6.4455 0 0 0 0
1628410045.580000162 -7.0269 -8.3479 -6.4457 0 0 0 0
1628410045.740000010 -7.0269 -8.3472 -6.4455 0 0 0 0
1628410045.920000076 -7.0273 -8.3479 -6.4458 0 0 0 0
1628410046.050000191 -7.0275 -8.3479 -6.4458 0 0 0 0
1628410046.240000010 -7.0278 -8.3483 -6.4460 0 0 0 0
1628410046.509999990 -7.0295 -8.3478 -6.4462 0 0 0 0
1628410046.660000086 -7.0342 -8.3443 -6.4461 0 0 0 0
1628410046.780000210 -7.2762 -8.1766 -6.4470 0 0 0 0
1628410046.920000076 -7.2869 -8.1682 -6.4468 0 0 0 0
1628410047.030000210 -7.2863 -8.1677 -6.4465 0 0 0 0
1628410047.130000114 -7.2862 -8.1679 -6.4464 0 0 0 0
1628410047.240000010 -7.2862 -8.1679 -6.4465 0 0 0 0
1628410047.400000095 -7.2862 -8.1678 -6.4465 0 0 0 0
1628410047.630000114 -7.2861 -8.1677 -6.4464 0 0 0 0
1628410047.780000210 -7.2862 -8.1679 -6.4466 0 0 0 0
1628410048.009999990 -7.2862 -8.1679 -6.4465 0 0 0 0
1628410048.170000076 -7.2861 -8.1676 -6.4464 0 0 0 0
1628410048.290000200 -7.2862 -8.1679 -6.4466 0 0 0 0
1628410048.410000086 -7.2862 -8.1678 -6.4465 0 0 0 0
1628410048.600000143 -7.2863 -8.1679 -6.4465 0 0 0 0
1628410048.730000019 -7.2862 -8.1678 -6.4465 0 0 0 0
1628410048.830000162 -7.2862 -8.1679 -6.4465 0 0 0 0
1628410048.960000038 -7.2861 -8.1676 -6.4465 0 0 0 0
1628410049.100000143 -7.2862 -8.1679 -6.4466 0 0 0 0
1628410049.220000029 -7.2862 -8.1678 -6.4465 0 0 0 0
1628410049.330000162 -7.2862 -8.1678 -6.4465 0 0 0 0
1628410049.680000067 -7.2860 -8.1676 -6.4464 0 0 0 0
1628410049.850000143 -7.2862 -8.1678 -6.4465 0 0 0 0
1628410049.980000019 -7.2862 -8.1678 -6.4465 0 0 0 0
1628410050.130000114 -7.2861 -8.1677 -6.4465 0 0 0 0
1628410050.280000210 -7.2860 -8.1676 -6.4464 0 0 0 0
1628410050.390000105 -7.2862 -8.1679 -6.4465 0 0 0 0
1628410050.570000172 -7.2861 -8.1677 -6.4465 0 0 0 0
1628410050.710000038 -7.2861 -8.1678 -6.4464 0 0 0 0
1628410050.870000124 -7.2862 -8.1679 -6.4466 0 0 0 0
1628410050.970000029 -7.2859 -8.1674 -6.4464 0 0 0 0
1628410051.110000134 -7.2861 -8.1677 -6.4464 0 0 0 0
1628410051.280000210 -7.2862 -8.1679 -6.4466 0 0 0 0
1628410051.410000086 -7.2862 -8.1678 -6.4465 0 0 0 0
1628410051.710000038 -7.2860 -8.1676 -6.4464 0 0 0 0
1628410051.860000134 -7.2862 -8.1678 -6.4466 0 0 0 0
1628410051.990000010 -7.2860 -8.1677 -6.4465 0 0 0 0
1628410052.090000153 -7.2859 -8.1675 -6.4464 0 0 0 0
1628410052.250000000 -7.2861 -8.1677 -6.4464 0 0 0 0
1628410052.430000067 -7.2860 -8.1676 -6.4464 0 0 0 0
1628410052.600000143 -7.2861 -8.1676 -6.4465 0 0 0 0
1628410052.740000010 -7.2861 -8.1677 -6.4465 0 0 0 0
1628410052.880000114 -7.2859 -8.1675 -6.4464 0 0 0 0
1628410052.990000010 -7.2861 -8.1677 -6.4465 0 0 0 0
1628410053.120000124 -7.2861 -8.1676 -6.4465 0 0 0 0
1628410053.230000019 -7.2861 -8.1677 -6.4464 0 0 0 0
1628410053.360000134 -7.2862 -8.1678 -6.4465 0 0 0 0
1628410053.530000210 -7.2861 -8.1676 -6.4465 0 0 0 0
1628410053.660000086 -7.2861 -8.1677 -6.4464 0 0 0 0
1628410053.780000210 -7.2860 -8.1677 -6.4465 0 0 0 0
1628410053.890000105 -7.2861 -8.1677 -6.4465 0 0 0 0
1628410053.990000010 -7.2860 -8.1676 -6.4464 0 0 0 0
1628410054.090000153 -7.2862 -8.1678 -6.4465 0 0 0 0
1628410054.250000000 -7.2860 -8.1676 -6.4464 0 0 0 0
1628410054.410000086 -7.2861 -8.1677 -6.4464 0 0 0 0
1628410054.590000153 -7.2860 -8.1676 -6.4465 0 0 0 0
1628410055.100000143 -7.2860 -8.1676 -6.4465 0 0 0 0
1628410055.259999990 -7.2860 -8.1676 -6.4464 0 0 0 0
1628410055.410000086 -7.2860 -8.1676 -6.4464 0 0 0 0
1628410055.560000181 -7.2859 -8.1675 -6.4464 0 0 0 0
1628410055.670000076 -7.2861 -8.1677 -6.4464 0 0 0 0
1628410055.780000210 -7.2860 -8.1677 -6.4464 0 0 0 0
1628410055.900000095 -7.2863 -8.1680 -6.4466 0 0 0 0
1628410056.050000191 -7.2861 -8.1676 -6.4465 0 0 0 0
1628410056.160000086 -7.2862 -8.1679 -6.4466 0 0 0 0
1628410056.290000200 -7.2861 -8.1678 -6.4466 0 0 0 0
1628410056.440000057 -7.2862 -8.1678 -6.4465 0 0 0 0
1628410056.580000162 -7.2860 -8.1676 -6.4464 0 0 0 0
1628410056.710000038 -7.2861 -8.1678 -6.4465 0 0 0 0
1628410056.840000153 -7.2860 -8.1677 -6.4465 0 0 0 0
1628410057.000000000 -7.2862 -8.1678 -6.4465 0 0 0 0
1628410057.120000124 -7.2859 -8.1674 -6.4463 0 0 0 0
1628410057.250000000 -7.2859 -8.1674 -6.4463 0 0 0 0
1628410057.380000114 -7.2860 -8.1676 -6.4464 0 0 0 0
1628410057.590000153 -7.2860 -8.1676 -6.4465 0 0 0 0
1628410057.890000105 -7.2859 -8.1674 -6.4463 0 0 0 0
1628410058.040000200 -7.2862 -8.1678 -6.4465 0 0 0 0
1628410058.140000105 -7.2859 -8.1674 -6.4463 0 0 0 0
1628410058.240000010 -7.2859 -8.1675 -6.4464 0 0 0 0
1628410058.420000076 -7.2858 -8.1673 -6.4463 0 0 0 0
1628410058.530000210 -7.2860 -8.1676 -6.4465 0 0 0 0
1628410058.670000076 -7.2859 -8.1674 -6.4464 0 0 0 0
1628410058.800000191 -7.2860 -8.1676 -6.4464 0 0 0 0
1628410058.920000076 -7.2862 -8.1679 -6.4466 0 0 0 0
1628410059.050000191 -7.2859 -8.1675 -6.4464 0 0 0 0
1628410059.160000086 -7.2861 -8.1677 -6.4465 0 0 0 0
1628410059.270000219 -7.2860 -8.1676 -6.4464 0 0 0 0
1628410059.400000095 -7.2860 -8.1676 -6.4464 0 0 0 0
1628410059.590000153 -7.2859 -8.1675 -6.4464 0 0 0 0
1628410059.690000057 -7.2860 -8.1676 -6.4464 0 0 0 0
1628410059.800000191 -7.2859 -8.1674 -6.4463 0 0 0 0
1628410059.920000076 -7.2860 -8.1676 -6.4464 0 0 0 0
1628410060.210000038 -7.2859 -8.1675 -6.4463 0 0 0 0
1628410060.370000124 -7.2861 -8.1677 -6.4464 0 0 0 0
1628410060.480000019 -7.2861 -8.1677 -6.4465 0 0 0 0
1628410060.590000153 -7.2861 -8.1677 -6.4465 0 0 0 0
1628410060.730000019 -7.2860 -8.1677 -6.4465 0 0 0 0
1628410060.830000162 -7.2859 -8.1674 -6.4464 0 0 0 0
1628410060.930000067 -7.2860 -8.1675 -6.4464 0 0 0 0
1628410061.090000153 -7.2860 -8.1677 -6.4464 0 0 0 0
1628410061.259999990 -7.2859 -8.1674 -6.4464 0 0 0 0
1628410061.480000019 -7.2860 -8.1676 -6.4465 0 0 0 0
1628410061.650000095 -7.2860 -8.1676 -6.4465 0 0 0 0
1628410061.780000210 -7.2861 -8.1676 -6.4465 0 0 0 0
1628410061.910000086 -7.2861 -8.1677 -6.4465 0 0 0 0
1628410062.080000162 -7.2857 -8.1671 -6.4461 0 0 0 0
1628410062.270000219 -7.2856 -8.1671 -6.4461 0 0 0 0
1628410062.430000067 -7.2854 -8.1668 -6.4461 0 0 0 0
1628410062.620000124 -7.2855 -8.1670 -6.4462 0 0 0 0
1628410062.750000000 -7.2854 -8.1670 -6.4462 0 0 0 0
1628410062.870000124 -7.2853 -8.1670 -6.4462 0 0 0 0
1628410062.980000019 -7.2854 -8.1668 -6.4462 0 0 0 0
1628410063.180000067 -7.2853 -8.1667 -6.4461 0 0 0 0
1628410063.280000210 -7.2853 -8.1670 -6.4462 0 0 0 0
1628410063.410000086 -7.2854 -8.1670 -6.4463 0 0 0 0
1628410063.590000153 -7.2852 -8.1667 -6.4464 0 0 0 0
1628410063.710000038 -7.2854 -8.1668 -6.4465 0 0 0 0
1628410063.870000124 -7.2854 -8.1668 -6.4464 0 0 0 0
1628410063.980000019 -7.2854 -8.1668 -6.4465 0 0 0 0
1628410064.110000134 -7.2852 -8.1667 -6.4463 0 0 0 0
1628410064.270000219 -7.2854 -8.1669 -6.4465 0 0 0 0
1628410064.440000057 -7.2854 -8.1668 -6.4464 0 0 0 0
1628410064.620000124 -7.2854 -8.1668 -6.4464 0 0 0 0
1628410064.790000200 -7.2854 -8.1669 -6.4465 0 0 0 0
1628410064.980000019 -7.2857 -8.1673 -6.4466 0 0 0 0
1628410065.180000067 -7.2859 -8.1675 -6.4467 0 0 0 0
1628410065.580000162 -7.2858 -8.1673 -6.4463 0 0 0 0
1628410065.690000057 -7.2857 -8.1672 -6.4462 0 0 0 0
1628410065.830000162 -7.2856 -8.1671 -6.4462 0 0 0 0
1628410066.009999990 -7.2856 -8.1672 -6.4464 0 0 0 0
1628410066.160000086 -7.2855 -8.1671 -6.4465 0 0 0 0
1628410066.259999990 -7.2855 -8.1671 -6.4464 0 0 0 0
1628410066.420000076 -7.2855 -8.1671 -6.4464 0 0 0 0
1628410066.560000181 -7.2855 -8.1671 -6.4465 0 0 0 0
1628410066.710000038 -7.2855 -8.1670 -6.4464 0 0 0 0
1628410066.820000172 -7.2854 -8.1669 -6.4463 0 0 0 0
1628410066.980000019 -7.2854 -8.1670 -6.4464 0 0 0 0
1628410067.130000114 -7.2858 -8.1675 -6.4466 0 0 0 0
1628410067.290000200 -7.2858 -8.1675 -6.4467 0 0 0 0
1628410067.470000029 -7.2859 -8.1676 -6.4467 0 0 0 0
1628410067.690000057 -7.2862 -8.1680 -6.4468 0 0 0 0
1628410067.970000029 -7.2862 -8.1679 -6.4467 0 0 0 0
1628410068.140000105 -7.2861 -8.1678 -6.4464 0 0 0 0
1628410068.330000162 -7.2859 -8.1675 -6.4465 0 0 0 0
1628410068.450000048 -7.2859 -8.1675 -6.4464 0 0 0 0
1628410068.650000095 -7.2860 -8.1676 -6.4464 0 0 0 0
1628410068.810000181 -7.2860 -8.1677 -6.4464 0 0 0 0
1628410068.950000048 -7.2859 -8.1675 -6.4463 0 0 0 0
1628410069.110000134 -7.2861 -8.1677 -6.4464 0 0 0 0
1628410123.660000086 -9.0404 -6.9217 -4.9318 0 0 0 0
1628410123.840000153 -9.0405 -6.9216 -4.9318 0 0 0 0
1628410124.000000000 -9.0404 -6.9216 -4.9318 0 0 0 0
1628410124.140000105 -9.0404 -6.9215 -4.9317 0 0 0 0
1628410124.370000124 -9.0404 -6.9216 -4.9318 0 0 0 0
1628410124.530000210 -9.0406 -6.9217 -4.9318 0 0 0 0
1628410124.640000105 -9.0404 -6.9217 -4.9317 0 0 0 0
1628410124.820000172 -9.0404 -6.9217 -4.9318 0 0 0 0
1628410124.930000067 -9.0404 -6.9217 -4.9318 0 0 0 0
1628410125.050000191 -9.0405 -6.9216 -4.9318 0 0 0 0
1628410125.210000038 -9.0404 -6.9215 -4.9317 0 0 0 0
1628410125.360000134 -9.0405 -6.9217 -4.9318 0 0 0 0
1628410125.490000010 -9.0404 -6.9216 -4.9318 0 0 0 0
1628410125.650000095 -9.0405 -6.9217 -4.9318 0 0 0 0
1628410125.770000219 -9.0404 -6.9216 -4.9318 0 0 0 0
1628410125.880000114 -9.0404 -6.9216 -4.9318 0 0 0 0
1628410125.980000019 -9.0404 -6.9216 -4.9318 0 0 0 0
1628410126.120000124 -9.0404 -6.9216 -4.9318 0 0 0 0
1628410126.270000219 -9.0404 -6.9216 -4.9318 0 0 0 0
1628410126.400000095 -9.0404 -6.9217 -4.9318 0 0 0 0
1628410126.560000181 -9.0404 -6.9216 -4.9318 0 0 0 0
1628410126.740000010 -9.0411 -6.9227 -4.9318 0 0 0 0
1628410126.910000086 -9.0412 -6.9227 -4.9318 0 0 0 0
1628410127.050000191 -9.0413 -6.9227 -4.9315 0 0 0 0
1628410127.180000067 -9.0455 -6.9256 -4.9318 0 0 0 0
1628410127.350000143 -9.0503 -6.9297 -4.9317 0 0 0 0
1628410127.460000038 -9.0602 -6.9368 -4.9312 0 0 0 0
1628410127.600000143 -9.0827 -6.9534 -4.9307 0 0 0 0
1628410127.710000038 -9.1080 -6.9715 -4.9307 0 0 0 0
1628410127.890000105 -9.1498 -7.0002 -4.9307 0 0 0 0
1628410128.050000191 -9.2151 -7.0387 -4.9304 0 0 0 0
1628410128.180000067 -9.2446 -7.0536 -4.9304 0 0 0 0
1628410128.370000124 -9.2922 -7.0778 -4.9306 0 0 0 0
1628410128.540000200 -9.3660 -7.1226 -4.9311 0 0 0 0
1628410128.770000219 -9.4637 -7.1619 -4.9309 0 0 0 0
1628410129.000000000 -9.5468 -7.1835 -4.9308 0 0 0 0
1628410129.150000095 -9.6228 -7.2043 -4.9301 0 0 0 0
1628410129.270000219 -9.6521 -7.2118 -4.9301 0 0 0 0
1628410129.400000095 -9.6850 -7.2172 -4.9304 0 0 0 0
1628410129.520000219 -9.7302 -7.2249 -4.9306 0 0 0 0
1628410129.680000067 -9.7931 -7.2357 -4.9309 0 0 0 0
1628410129.850000143 -9.8709 -7.2436 -4.9309 0 0 0 0
1628410129.960000038 -9.9021 -7.2456 -4.9310 0 0 0 0
1628410130.110000134 -9.9480 -7.2455 -4.9310 0 0 0 0
1628410130.420000076 -10.0072 -7.2435 -4.9309 0 0 0 0
1628410130.600000143 -10.1320 -7.2274 -4.9307 0 0 0 0
1628410130.800000191 -10.1914 -7.2255 -4.9311 0 0 0 0
1628410130.970000029 -10.2664 -7.2108 -4.9310 0 0 0 0
1628410131.140000105 -10.2947 -7.2016 -4.9310 0 0 0 0
1628410131.310000181 -10.3702 -7.1793 -4.9314 0 0 0 0
1628410131.480000019 -10.4435 -7.1575 -4.9308 0 0 0 0
1628410131.680000067 -10.4984 -7.1331 -4.9309 0 0 0 0
1628410131.820000172 -10.5247 -7.1210 -4.9310 0 0 0 0
1628410131.970000029 -10.5953 -7.0916 -4.9315 0 0 0 0
1628410132.120000124 -10.6211 -7.0789 -4.9318 0 0 0 0
1628410132.270000219 -10.6745 -7.0446 -4.9318 0 0 0 0
1628410132.450000048 -10.7386 -7.0075 -4.9312 0 0 0 0
1628410132.620000124 -10.7753 -6.9821 -4.9317 0 0 0 0
1628410132.800000191 -10.8207 -6.9440 -4.9306 0 0 0 0
1628410132.910000086 -10.8554 -6.9141 -4.9313 0 0 0 0
1628410133.060000181 -10.9134 -6.8721 -4.9308 0 0 0 0
1628410133.190000057 -10.9399 -6.8553 -4.9312 0 0 0 0
1628410133.380000114 -10.9969 -6.8079 -4.9306 0 0 0 0
1628410133.540000200 -11.0221 -6.7862 -4.9307 0 0 0 0
1628410133.690000057 -11.0875 -6.7366 -4.9316 0 0 0 0
1628410133.790000200 -11.1151 -6.7176 -4.9312 0 0 0 0
1628410133.940000057 -11.1437 -6.6999 -4.9313 0 0 0 0
1628410134.050000191 -11.1739 -6.6820 -4.9312 0 0 0 0
1628410134.450000048 -11.2739 -6.6233 -4.9300 0 0 0 0
1628410134.560000181 -11.3563 -6.5968 -4.9303 0 0 0 0
1628410134.730000019 -11.4327 -6.5672 -4.9306 0 0 0 0
1628410134.860000134 -11.4635 -6.5533 -4.9303 0 0 0 0
1628410135.009999990 -11.5403 -6.5302 -4.9294 0 0 0 0
1628410135.140000105 -11.5726 -6.5212 -4.9295 0 0 0 0
1628410135.270000219 -11.6472 -6.4961 -4.9289 0 0 0 0
1628410135.390000105 -11.6812 -6.4891 -4.9287 0 0 0 0
1628410135.550000191 -11.7262 -6.4851 -4.9278 0 0 0 0
1628410135.730000019 -11.8060 -6.4741 -4.9278 0 0 0 0
1628410135.940000057 -11.8723 -6.4662 -4.9281 0 0 0 0
1628410136.090000153 -11.9609 -6.4685 -4.9277 0 0 0 0
1628410136.270000219 -12.0300 -6.4642 -4.9281 0 0 0 0
1628410136.450000048 -12.0832 -6.4632 -4.9274 0 0 0 0
1628410136.570000172 -12.1682 -6.4772 -4.9270 0 0 0 0
1628410136.740000010 -12.2020 -6.4802 -4.9270 0 0 0 0
1628410136.890000105 -12.2911 -6.4778 -4.9268 0 0 0 0
1628410137.000000000 -12.3220 -6.4786 -4.9269 0 0 0 0
1628410137.110000134 -12.3513 -6.4810 -4.9270 0 0 0 0
1628410137.259999990 -12.4087 -6.4841 -4.9274 0 0 0 0
1628410137.390000105 -12.4236 -6.4810 -4.9274 0 0 0 0
1628410137.530000210 -12.4369 -6.4770 -4.9269 0 0 0 0
1628410137.660000086 -12.4426 -6.4784 -4.9275 0 0 0 0
1628410137.759999990 -12.4345 -6.4797 -4.9273 0 0 0 0
1628410137.940000057 -12.4279 -6.4792 -4.9275 0 0 0 0
1628410138.060000181 -12.3974 -6.4834 -4.9272 0 0 0 0
1628410138.240000010 -12.3562 -6.4890 -4.9272 0 0 0 0
1628410138.390000105 -12.3141 -6.4892 -4.9266 0 0 0 0
1628410138.550000191 -12.2801 -6.4906 -4.9269 0 0 0 0
1628410138.660000086 -12.2407 -6.4957 -4.9268 0 0 0 0
1628410138.800000191 -12.1283 -6.5071 -4.9279 0 0 0 0
1628410138.910000086 -12.0540 -6.5055 -4.9281 0 0 0 0
1628410139.200000048 -11.9239 -6.4902 -4.9288 0 0 0 0
1628410139.310000181 -11.8143 -6.4701 -4.9291 0 0 0 0
1628410139.560000181 -11.6779 -6.4367 -4.9301 0 0 0 0
1628410139.670000076 -11.5778 -6.4040 -4.9308 0 0 0 0
1628410139.830000162 -11.5274 -6.3841 -4.9308 0 0 0 0
1628410139.950000048 -11.4539 -6.3434 -4.9306 0 0 0 0
1628410140.070000172 -11.3870 -6.3027 -4.9316 0 0 0 0
1628410140.250000000 -11.2891 -6.2479 -4.9310 0 0 0 0
1628410140.460000038 -11.2081 -6.1850 -4.9314 0 0 0 0
1628410140.660000086 -11.1285 -6.0930 -4.9299 0 0 0 0
1628410140.830000162 -11.0702 -6.0180 -4.9302 0 0 0 0
1628410140.950000048 -11.0516 -5.9935 -4.9305 0 0 0 0
1628410141.050000191 -11.0358 -5.9716 -4.9307 0 0 0 0
1628410141.180000067 -11.0231 -5.9526 -4.9306 0 0 0 0
1628410141.300000191 -11.0025 -5.9221 -4.9300 0 0 0 0
1628410141.490000010 -10.9961 -5.9157 -4.9304 0 0 0 0
1628410141.590000153 -11.0001 -5.9185 -4.9312 0 0 0 0
1628410141.759999990 -11.0017 -5.9206 -4.9314 0 0 0 0
1628410141.860000134 -11.0019 -5.9218 -4.9315 0 0 0 0
1628410142.009999990 -10.9973 -5.9164 -4.9309 0 0 0 0
1628410142.130000114 -10.9946 -5.9118 -4.9310 0 0 0 0
1628410142.259999990 -10.9829 -5.8970 -4.9311 0 0 0 0
1628410142.420000076 -10.9749 -5.8860 -4.9312 0 0 0 0
1628410142.540000200 -10.9428 -5.8384 -4.9314 0 0 0 0
1628410142.650000095 -10.9247 -5.8134 -4.9312 0 0 0 0
1628410142.790000200 -10.8940 -5.7711 -4.9307 0 0 0 0
1628410142.950000048 -10.8729 -5.7404 -4.9306 0 0 0 0
1628410143.140000105 -10.8062 -5.6589 -4.9300 0 0 0 0
1628410143.250000000 -10.7472 -5.5879 -4.9300 0 0 0 0
1628410143.360000134 -10.6942 -5.5390 -4.9303 0 0 0 0
1628410143.460000038 -10.6547 -5.5055 -4.9303 0 0 0 0
1628410143.590000153 -10.5949 -5.4557 -4.9295 0 0 0 0
1628410143.770000219 -10.5099 -5.3932 -4.9296 0 0 0 0
1628410143.900000095 -10.4670 -5.3630 -4.9292 0 0 0 0
1628410144.009999990 -10.3989 -5.3151 -4.9282 0 0 0 0
1628410144.210000038 -10.2806 -5.2621 -4.9284 0 0 0 0
1628410144.380000114 -10.2328 -5.2505 -4.9278 0 0 0 0
1628410144.480000019 -10.1367 -5.2276 -4.9282 0 0 0 0
1628410144.610000134 -10.1048 -5.2184 -4.9281 0 0 0 0
1628410144.750000000 -10.0795 -5.2097 -4.9281 0 0 0 0
1628410144.850000143 -10.0409 -5.1999 -4.9287 0 0 0 0
1628410145.040000200 -10.0371 -5.1986 -4.9289 0 0 0 0
1628410145.190000057 -10.0463 -5.2014 -4.9293 0 0 0 0
1628410145.290000200 -10.0489 -5.2024 -4.9294 0 0 0 0
1628410145.480000019 -10.0690 -5.2072 -4.9288 0 0 0 0
1628410145.610000134 -10.0858 -5.2115 -4.9286 0 0 0 0
1628410145.790000200 -10.1170 -5.2187 -4.9287 0 0 0 0
1628410145.910000086 -10.1359 -5.2221 -4.9284 0 0 0 0
1628410146.090000153 -10.1951 -5.2340 -4.9282 0 0 0 0
1628410146.270000219 -10.2638 -5.2441 -4.9283 0 0 0 0
1628410146.410000086 -10.2930 -5.2466 -4.9282 0 0 0 0
1628410146.520000219 -10.3231 -5.2494 -4.9281 0 0 0 0
1628410146.690000057 -10.4019 -5.2582 -4.9278 0 0 0 0
1628410146.840000153 -10.4816 -5.2678 -4.9286 0 0 0 0
1628410146.960000038 -10.5146 -5.2685 -4.9282 0 0 0 0
1628410147.090000153 -10.5680 -5.2656 -4.9285 0 0 0 0
1628410147.270000219 -10.6315 -5.2659 -4.9282 0 0 0 0
1628410147.370000124 -10.6785 -5.2687 -4.9286 0 0 0 0
1628410147.509999990 -10.7044 -5.2676 -4.9285 0 0 0 0
1628410147.700000048 -10.7553 -5.2622 -4.9281 0 0 0 0
1628410147.810000181 -10.7710 -5.2609 -4.9280 0 0 0 0
1628410148.000000000 -10.7977 -5.2598 -4.9278 0 0 0 0
1628410148.180000067 -10.8045 -5.2592 -4.9281 0 0 0 0
1628410148.310000181 -10.8154 -5.2588 -4.9282 0 0 0 0
1628410148.480000019 -10.8177 -5.2588 -4.9282 0 0 0 0
1628410148.670000076 -10.8204 -5.2590 -4.9282 0 0 0 0
1628410148.790000200 -10.8224 -5.2583 -4.9284 0 0 0 0
1628410148.910000086 -10.8215 -5.2586 -4.9283 0 0 0 0
1628410149.080000162 -10.8218 -5.2585 -4.9285 0 0 0 0
1628410149.350000143 -10.8215 -5.2585 -4.9284 0 0 0 0
1628410149.590000153 -10.8217 -5.2585 -4.9285 0 0 0 0
1628410149.690000057 -10.8168 -5.2586 -4.9282 0 0 0 0
1628410149.830000162 -10.8156 -5.2586 -4.9282 0 0 0 0
1628410149.930000067 -10.8154 -5.2586 -4.9282 0 0 0 0
1628410180.200000048 -10.8140 -5.2589 -4.9284 0 0 0 0
1628410180.360000134 -10.8141 -5.2590 -4.9284 0 0 0 0
1628410180.460000038 -10.8141 -5.2590 -4.9284 0 0 0 0
1628410180.590000153 -10.8141 -5.2589 -4.9285 0 0 0 0
1628410180.730000019 -10.8140 -5.2589 -4.9284 0 0 0 0
1628410180.850000143 -10.8140 -5.2589 -4.9285 0 0 0 0
1628410180.960000038 -10.8140 -5.2589 -4.9284 0 0 0 0
1628410181.110000134 -10.8141 -5.2590 -4.9283 0 0 0 0
1628410181.210000038 -10.8141 -5.2590 -4.9284 0 0 0 0
1628410181.320000172 -10.8141 -5.2590 -4.9284 0 0 0 0
1628410181.470000029 -10.8140 -5.2589 -4.9284 0 0 0 0
1628410181.590000153 -10.8140 -5.2588 -4.9283 0 0 0 0
1628410181.710000038 -10.8141 -5.2590 -4.9284 0 0 0 0
1628410181.880000114 -10.8140 -5.2589 -4.9284 0 0 0 0
1628410181.990000010 -10.8141 -5.2589 -4.9285 0 0 0 0
1628410182.120000124 -10.8141 -5.2590 -4.9285 0 0 0 0
1628410182.240000010 -10.8140 -5.2589 -4.9285 0 0 0 0
1628410182.400000095 -10.8141 -5.2589 -4.9285 0 0 0 0
1628410182.590000153 -10.8141 -5.2590 -4.9284 0 0 0 0
1628410182.710000038 -10.8142 -5.2590 -4.9283 0 0 0 0
1628410182.830000162 -10.8141 -5.2590 -4.9283 0 0 0 0
1628410182.950000048 -10.8141 -5.2588 -4.9283 0 0 0 0
1628410183.110000134 -10.8140 -5.2589 -4.9284 0 0 0 0
1628410183.259999990 -10.8141 -5.2589 -4.9285 0 0 0 0
1628410183.380000114 -10.8141 -5.2589 -4.9285 0 0 0 0
1628410183.580000162 -10.8141 -5.2589 -4.9285 0 0 0 0
1628410183.710000038 -10.8141 -5.2589 -4.9286 0 0 0 0
1628410183.870000124 -10.8140 -5.2589 -4.9285 0 0 0 0
1628410183.980000019 -10.8141 -5.2589 -4.9285 0 0 0 0
1628410184.110000134 -10.8140 -5.2589 -4.9284 0 0 0 0
1628410184.230000019 -10.8140 -5.2589 -4.9284 0 0 0 0
1628410184.420000076 -10.8142 -5.2590 -4.9284 0 0 0 0
1628410184.580000162 -10.8141 -5.2589 -4.9284 0 0 0 0
1628410184.750000000 -10.8142 -5.2590 -4.9285 0 0 0 0
1628410184.910000086 -10.8141 -5.2590 -4.9283 0 0 0 0
1628410185.020000219 -10.8140 -5.2589 -4.9283 0 0 0 0
1628410185.150000095 -10.8140 -5.2589 -4.9283 0 0 0 0
1628410185.310000181 -10.8141 -5.2590 -4.9284 0 0 0 0
1628410185.430000067 -10.8141 -5.2590 -4.9284 0 0 0 0
1628410185.610000134 -10.8140 -5.2589 -4.9284 0 0 0 0
1628410185.740000010 -10.8141 -5.2590 -4.9285 0 0 0 0
1628410185.840000153 -10.8140 -5.2589 -4.9285 0 0 0 0
1628410185.950000048 -10.8140 -5.2589 -4.9284 0 0 0 0
1628410186.050000191 -10.8140 -5.2589 -4.9284 0 0 0 0
1628410186.180000067 -10.8141 -5.2590 -4.9285 0 0 0 0
1628410186.400000095 -10.8140 -5.2589 -4.9285 0 0 0 0
1628410186.580000162 -10.8141 -5.2589 -4.9285 0 0 0 0
1628410186.740000010 -10.8141 -5.2589 -4.9285 0 0 0 0
1628410186.850000143 -10.8139 -5.2589 -4.9284 0 0 0 0
1628410186.960000038 -10.8140 -5.2590 -4.9284 0 0 0 0
1628410187.080000162 -10.8140 -5.2590 -4.9284 0 0 0 0
1628410187.190000057 -10.8141 -5.2589 -4.9285 0 0 0 0
1628410187.380000114 -10.8140 -5.2590 -4.9284 0 0 0 0
1628410187.490000010 -10.8141 -5.2590 -4.9284 0 0 0 0
1628410187.670000076 -10.8140 -5.2590 -4.9283 0 0 0 0
1628410187.780000210 -10.8142 -5.2590 -4.9284 0 0 0 0
1628410187.990000010 -10.8139 -5.2590 -4.9284 0 0 0 0
1628410188.130000114 -10.8138 -5.2591 -4.9284 0 0 0 0
1628410188.250000000 -10.8133 -5.2589 -4.9285 0 0 0 0
1628410188.410000086 -10.8132 -5.2589 -4.9286 0 0 0 0
1628410188.540000200 -10.8133 -5.2590 -4.9285 0 0 0 0
1628410188.640000105 -10.8132 -5.2589 -4.9284 0 0 0 0
1628410188.750000000 -10.8132 -5.2589 -4.9284 0 0 0 0
1628410188.910000086 -10.8131 -5.2590 -4.9283 0 0 0 0
1628410189.030000210 -10.8131 -5.2589 -4.9283 0 0 0 0
1628410189.160000086 -10.8131 -5.2591 -4.9283 0 0 0 0
1628410189.280000210 -10.8130 -5.2589 -4.9284 0 0 0 0
1628410189.380000114 -10.8130 -5.2589 -4.9284 0 0 0 0
1628410189.580000162 -10.8129 -5.2589 -4.9284 0 0 0 0
1628410189.690000057 -10.8129 -5.2589 -4.9284 0 0 0 0
1628410189.990000010 -10.8131 -5.2591 -4.9284 0 0 0 0
1628410190.180000067 -10.8128 -5.2589 -4.9284 0 0 0 0
1628410190.290000200 -10.8129 -5.2590 -4.9284 0 0 0 0
1628410190.430000067 -10.8128 -5.2589 -4.9283 0 0 0 0
1628410190.570000172 -10.8128 -5.2591 -4.9284 0 0 0 0
1628410190.670000076 -10.8127 -5.2591 -4.9283 0 0 0 0
1628410190.800000191 -10.8126 -5.2590 -4.9283 0 0 0 0
1628410190.960000038 -10.8126 -5.2589 -4.9283 0 0 0 0
1628410191.090000153 -10.8127 -5.2589 -4.9283 0 0 0 0
1628410191.210000038 -10.8126 -5.2589 -4.9284 0 0 0 0
1628410191.400000095 -10.8126 -5.2589 -4.9284 0 0 0 0
1628410191.630000114 -10.8127 -5.2590 -4.9284 0 0 0 0
1628410191.740000010 -10.8136 -5.2589 -4.9285 0 0 0 0
1628410191.870000124 -10.8144 -5.2589 -4.9284 0 0 0 0
1628410192.009999990 -10.8153 -5.2589 -4.9285 0 0 0 0
1628410192.280000210 -10.8248 -5.2592 -4.9282 0 0 0 0
1628410192.460000038 -10.8360 -5.2583 -4.9283 0 0 0 0
1628410192.570000172 -10.8439 -5.2581 -4.9275 0 0 0 0
1628410192.670000076 -10.8624 -5.2587 -4.9272 0 0 0 0
1628410192.830000162 -10.9061 -5.2645 -4.9275 0 0 0 0
1628410193.000000000 -10.9306 -5.2671 -4.9273 0 0 0 0
1628410193.180000067 -11.0268 -5.2738 -4.9273 0 0 0 0
1628410193.330000162 -11.0565 -5.2780 -4.9273 0 0 0 0
1628410193.470000029 -11.0990 -5.2882 -4.9269 0 0 0 0
1628410193.610000134 -11.1727 -5.3019 -4.9265 0 0 0 0
1628410193.820000172 -11.2281 -5.3106 -4.9264 0 0 0 0
1628410193.940000057 -11.2689 -5.3193 -4.9265 0 0 0 0
1628410194.140000105 -11.3259 -5.3372 -4.9262 0 0 0 0
1628410194.320000172 -11.3461 -5.3455 -4.9263 0 0 0 0
1628410194.430000067 -11.3826 -5.3544 -4.9261 0 0 0 0
1628410194.580000162 -11.4017 -5.3590 -4.9261 0 0 0 0
1628410194.690000057 -11.4489 -5.3803 -4.9266 0 0 0 0
1628410194.800000191 -11.4763 -5.3895 -4.9261 0 0 0 0
1628410194.980000019 -11.5151 -5.4066 -4.9261 0 0 0 0
1628410195.120000124 -11.5464 -5.4230 -4.9263 0 0 0 0
1628410195.259999990 -11.5678 -5.4337 -4.9262 0 0 0 0
1628410195.430000067 -11.6309 -5.4605 -4.9265 0 0 0 0
1628410195.600000143 -11.6821 -5.4875 -4.9263 0 0 0 0
1628410195.750000000 -11.7192 -5.5122 -4.9261 0 0 0 0
1628410195.890000105 -11.7814 -5.5500 -4.9263 0 0 0 0
1628410196.040000200 -11.8245 -5.5765 -4.9263 0 0 0 0
1628410196.150000095 -11.8514 -5.5973 -4.9258 0 0 0 0
1628410196.280000210 -11.9029 -5.6477 -4.9257 0 0 0 0
1628410196.450000048 -11.9320 -5.6731 -4.9260 0 0 0 0
1628410196.590000153 -12.0090 -5.7311 -4.9264 0 0 0 0
1628410196.860000134 -12.0381 -5.7611 -4.9263 0 0 0 0
1628410196.980000019 -12.0913 -5.8282 -4.9266 0 0 0 0
1628410197.160000086 -12.1833 -5.9274 -4.9264 0 0 0 0
1628410197.320000172 -12.2318 -6.0124 -4.9271 0 0 0 0
1628410197.420000076 -12.2565 -6.0534 -4.9275 0 0 0 0
1628410197.610000134 -12.3164 -6.1523 -4.9269 0 0 0 0
1628410197.770000219 -12.3657 -6.2607 -4.9270 0 0 0 0
1628410197.890000105 -12.3825 -6.3049 -4.9271 0 0 0 0
1628410198.000000000 -12.3992 -6.3522 -4.9271 0 0 0 0
1628410198.110000134 -12.4266 -6.4243 -4.9275 0 0 0 0
1628410198.280000210 -12.4511 -6.5214 -4.9277 0 0 0 0
1628410198.430000067 -12.4613 -6.5990 -4.9281 0 0 0 0
1628410198.540000200 -12.4704 -6.6468 -4.9275 0 0 0 0
1628410198.680000067 -12.4858 -6.7828 -4.9280 0 0 0 0
1628410198.880000114 -12.4912 -6.8866 -4.9274 0 0 0 0
1628410199.060000181 -12.4850 -7.0146 -4.9279 0 0 0 0
1628410199.190000057 -12.4784 -7.0685 -4.9278 0 0 0 0
1628410199.330000162 -12.4629 -7.1472 -4.9281 0 0 0 0
1628410199.550000191 -12.4387 -7.2776 -4.9284 0 0 0 0
1628410199.720000029 -12.4086 -7.3814 -4.9284 0 0 0 0
1628410199.820000172 -12.3844 -7.4475 -4.9284 0 0 0 0
1628410199.950000048 -12.3662 -7.4925 -4.9287 0 0 0 0
1628410200.190000057 -12.2908 -7.6595 -4.9294 0 0 0 0
1628410200.420000076 -12.2731 -7.6995 -4.9291 0 0 0 0
1628410200.560000181 -12.2122 -7.8186 -4.9302 0 0 0 0
1628410200.780000210 -12.1615 -7.9150 -4.9295 0 0 0 0
1628410200.890000105 -12.1265 -7.9692 -4.9303 0 0 0 0
1628410201.090000153 -12.0794 -8.0476 -4.9309 0 0 0 0
1628410201.200000048 -12.0425 -8.1020 -4.9310 0 0 0 0
1628410201.330000162 -12.0148 -8.1389 -4.9310 0 0 0 0
1628410201.450000048 -11.9477 -8.2315 -4.9308 0 0 0 0
1628410201.570000172 -11.9216 -8.2638 -4.9311 0 0 0 0
1628410201.740000010 -11.8915 -8.2991 -4.9307 0 0 0 0
1628410201.960000038 -11.8337 -8.3703 -4.9309 0 0 0 0
1628410202.120000124 -11.7318 -8.4782 -4.9312 0 0 0 0
1628410202.390000105 -11.6422 -8.5696 -4.9312 0 0 0 0
1628410202.580000162 -11.5283 -8.6679 -4.9305 0 0 0 0
1628410202.720000029 -11.4701 -8.7205 -4.9302 0 0 0 0
1628410202.890000105 -11.3856 -8.7838 -4.9303 0 0 0 0
1628410203.060000181 -11.2776 -8.8649 -4.9299 0 0 0 0
1628410203.220000029 -11.2133 -8.9152 -4.9298 0 0 0 0
1628410203.330000162 -11.1690 -8.9516 -4.9295 0 0 0 0
1628410203.470000029 -11.0883 -9.0227 -4.9289 0 0 0 0
1628410203.660000086 -10.9795 -9.1101 -4.9291 0 0 0 0
1628410203.780000210 -10.9376 -9.1500 -4.9289 0 0 0 0
1628410203.920000076 -10.8778 -9.2127 -4.9285 0 0 0 0
1628410204.060000181 -10.8052 -9.2968 -4.9281 0 0 0 0
1628410204.160000086 -10.7513 -9.3674 -4.9280 0 0 0 0
1628410204.360000134 -10.6973 -9.4332 -4.9280 0 0 0 0
1628410204.470000029 -10.6303 -9.5319 -4.9281 0 0 0 0
1628410204.640000105 -10.5880 -9.6104 -4.9274 0 0 0 0
1628410204.800000191 -10.5380 -9.7097 -4.9271 0 0 0 0
1628410204.980000019 -10.4941 -9.8145 -4.9269 0 0 0 0
1628410205.120000124 -10.4686 -9.8953 -4.9265 0 0 0 0
1628410205.259999990 -10.4410 -10.0085 -4.9267 0 0 0 0
1628410205.400000095 -10.4297 -10.0944 -4.9267 0 0 0 0
1628410205.509999990 -10.4226 -10.1482 -4.9268 0 0 0 0
1628410205.740000010 -10.4052 -10.2858 -4.9268 0 0 0 0
1628410205.940000057 -10.4140 -10.3977 -4.9270 0 0 0 0
1628410206.080000162 -10.4433 -10.5222 -4.9246 0 0 0 0
1628410206.180000067 -10.4539 -10.5771 -4.9255 0 0 0 0
1628410206.410000086 -10.4797 -10.7014 -4.9250 0 0 0 0
1628410206.570000172 -10.5051 -10.7800 -4.9252 0 0 0 0
1628410206.759999990 -10.5523 -10.8789 -4.9252 0 0 0 0
1628410206.870000124 -10.5855 -10.9335 -4.9250 0 0 0 0
1628410207.000000000 -10.6603 -11.0413 -4.9234 0 0 0 0
1628410207.210000038 -10.7468 -11.1739 -4.9248 0 0 0 0
1628410207.370000124 -10.7845 -11.2102 -4.9232 0 0 0 0
1628410207.530000210 -10.9019 -11.3222 -4.9246 0 0 0 0
1628410207.690000057 -10.9988 -11.3974 -4.9233 0 0 0 0
1628410207.880000114 -11.1675 -11.4921 -4.9231 0 0 0 0
1628410207.990000010 -11.2269 -11.5204 -4.9229 0 0 0 0
1628410208.100000143 -11.2867 -11.5492 -4.9228 0 0 0 0
1628410208.210000038 -11.3491 -11.5802 -4.9242 0 0 0 0
1628410208.480000019 -11.5164 -11.6264 -4.9240 0 0 0 0
1628410208.620000124 -11.6540 -11.6373 -4.9252 0 0 0 0
1628410208.730000019 -11.7569 -11.6464 -4.9245 0 0 0 0
1628410208.960000038 -11.8902 -11.6487 -4.9256 0 0 0 0
1628410209.080000162 -11.9878 -11.6379 -4.9259 0 0 0 0
1628410209.200000048 -12.1497 -11.5988 -4.9265 0 0 0 0
1628410209.330000162 -12.2220 -11.5763 -4.9278 0 0 0 0
1628410209.470000029 -12.3679 -11.5099 -4.9268 0 0 0 0
1628410209.570000172 -12.4301 -11.4761 -4.9277 0 0 0 0
1628410209.710000038 -12.4914 -11.4433 -4.9300 0 0 0 0
1628410209.850000143 -12.6281 -11.3385 -4.9302 0 0 0 0
1628410209.960000038 -12.6769 -11.2913 -4.9300 0 0 0 0
1628410210.120000124 -12.7493 -11.2145 -4.9305 0 0 0 0
1628410210.290000200 -12.7972 -11.1669 -4.9305 0 0 0 0
1628410210.580000162 -12.9642 -10.9811 -4.9305 0 0 0 0
1628410210.690000057 -13.0771 -10.8435 -4.9309 0 0 0 0
1628410210.790000200 -13.1297 -10.7913 -4.9304 0 0 0 0
1628410210.940000057 -13.2067 -10.7189 -4.9309 0 0 0 0
1628410211.070000172 -13.2607 -10.6626 -4.9310 0 0 0 0
1628410211.290000200 -13.3861 -10.5350 -4.9293 0 0 0 0
1628410211.450000048 -13.5320 -10.4292 -4.9302 0 0 0 0
1628410211.610000134 -13.5915 -10.3882 -4.9290 0 0 0 0
1628410211.860000134 -13.7960 -10.2487 -4.9276 0 0 0 0
1628410212.050000191 -13.9543 -10.1764 -4.9287 0 0 0 0
1628410212.360000134 -14.1065 -10.1033 -4.9291 0 0 0 0
1628410212.540000200 -14.2371 -10.0542 -4.9267 0 0 0 0
1628410212.680000067 -14.3941 -10.0175 -4.9259 0 0 0 0
1628410212.850000143 -14.5174 -9.9895 -4.9245 0 0 0 0
1628410212.970000029 -14.6149 -9.9743 -4.9240 0 0 0 0
1628410213.080000162 -14.6774 -9.9708 -4.9240 0 0 0 0
1628410213.280000210 -14.7403 -9.9671 -4.9228 0 0 0 0
1628410213.400000095 -14.9665 -9.9717 -4.9227 0 0 0 0
1628410213.580000162 -15.0327 -9.9798 -4.9220 0 0 0 0
1628410213.710000038 -15.2210 -10.0143 -4.9215 0 0 0 0
1628410213.870000124 -15.3745 -10.0526 -4.9209 0 0 0 0
1628410214.000000000 -15.4362 -10.0765 -4.9209 0 0 0 0
1628410214.150000095 -15.5505 -10.1321 -4.9211 0 0 0 0
1628410214.280000210 -15.6082 -10.1615 -4.9223 0 0 0 0
1628410214.460000038 -15.6982 -10.2051 -4.9213 0 0 0 0
1628410214.590000153 -15.7495 -10.2355 -4.9214 0 0 0 0
1628410214.700000048 -15.8806 -10.3329 -4.9219 0 0 0 0
1628410214.810000181 -15.9290 -10.3762 -4.9218 0 0 0 0
1628410214.910000086 -15.9749 -10.4165 -4.9223 0 0 0 0
1628410215.050000191 -16.0906 -10.5261 -4.9225 0 0 0 0
1628410215.160000086 -16.1313 -10.5733 -4.9218 0 0 0 0
1628410215.280000210 -16.1699 -10.6273 -4.9212 0 0 0 0
1628410215.390000105 -16.2244 -10.7114 -4.9225 0 0 0 0
1628410215.520000219 -16.2580 -10.7640 -4.9220 0 0 0 0
1628410215.660000086 -16.3346 -10.8941 -4.9231 0 0 0 0
1628410215.770000219 -16.3609 -10.9525 -4.9231 0 0 0 0
1628410215.880000114 -16.3919 -11.0368 -4.9227 0 0 0 0
1628410215.980000019 -16.4126 -11.0979 -4.9230 0 0 0 0
1628410216.120000124 -16.4333 -11.1549 -4.9228 0 0 0 0
1628410216.250000000 -16.4638 -11.3026 -4.9227 0 0 0 0
1628410216.410000086 -16.4712 -11.3602 -4.9224 0 0 0 0
1628410216.560000181 -16.4820 -11.4474 -4.9221 0 0 0 0
1628410216.670000076 -16.4897 -11.5060 -4.9223 0 0 0 0
1628410216.790000200 -16.4940 -11.5647 -4.9215 0 0 0 0
1628410216.900000095 -16.4852 -11.7125 -4.9216 0 0 0 0
1628410217.230000019 -16.4551 -11.8854 -4.9216 0 0 0 0
1628410217.370000124 -16.4328 -12.0044 -4.9215 0 0 0 0
1628410217.480000019 -16.3963 -12.1168 -4.9202 0 0 0 0
1628410217.690000057 -16.3325 -12.2533 -4.9215 0 0 0 0
1628410217.820000172 -16.3060 -12.3092 -4.9213 0 0 0 0
1628410217.980000019 -16.2646 -12.3869 -4.9213 0 0 0 0
1628410218.100000143 -16.1963 -12.4929 -4.9217 0 0 0 0
1628410218.250000000 -16.1418 -12.5596 -4.9212 0 0 0 0
1628410218.380000114 -16.0650 -12.6539 -4.9219 0 0 0 0
1628410218.580000162 -15.9536 -12.7574 -4.9229 0 0 0 0
1628410218.730000019 -15.9069 -12.7951 -4.9221 0 0 0 0
1628410218.930000067 -15.7850 -12.8844 -4.9227 0 0 0 0
1628410219.050000191 -15.7389 -12.9172 -4.9221 0 0 0 0
1628410219.280000210 -15.6070 -12.9898 -4.9233 0 0 0 0
1628410219.390000105 -15.5225 -13.0249 -4.9235 0 0 0 0
1628410219.560000181 -15.3507 -13.1023 -4.9241 0 0 0 0
1628410219.690000057 -15.2929 -13.1278 -4.9239 0 0 0 0
1628410219.870000124 -15.1398 -13.1909 -4.9244 0 0 0 0
1628410220.080000162 -14.9588 -13.2720 -4.9252 0 0 0 0
1628410220.290000200 -14.9006 -13.3081 -4.9250 0 0 0 0
1628410220.490000010 -14.7287 -13.4151 -4.9251 0 0 0 0
1628410220.670000076 -14.6391 -13.4690 -4.9246 0 0 0 0
1628410220.790000200 -14.5847 -13.5078 -4.9246 0 0 0 0
1628410220.920000076 -14.4663 -13.6167 -4.9237 0 0 0 0
1628410221.060000181 -14.4158 -13.6611 -4.9240 0 0 0 0
1628410221.190000057 -14.3670 -13.7020 -4.9243 0 0 0 0
1628410221.300000191 -14.2362 -13.8356 -4.9235 0 0 0 0
1628410221.440000057 -14.1970 -13.8845 -4.9240 0 0 0 0
1628410221.600000143 -14.1182 -13.9823 -4.9238 0 0 0 0
1628410221.750000000 -14.0529 -14.0464 -4.9246 0 0 0 0
1628410221.860000134 -14.0118 -14.0842 -4.9249 0 0 0 0
1628410221.990000010 -13.9228 -14.1682 -4.9246 0 0 0 0
1628410222.130000114 -13.8914 -14.1931 -4.9242 0 0 0 0
1628410222.360000134 -13.8480 -14.2259 -4.9246 0 0 0 0
1628410222.540000200 -13.8052 -14.2608 -4.9246 0 0 0 0
1628410222.670000076 -13.8046 -14.2603 -4.9247 0 0 0 0
1628410222.810000181 -13.8225 -14.2473 -4.9245 0 0 0 0
1628410222.930000067 -13.8394 -14.2354 -4.9250 0 0 0 0
1628410223.050000191 -13.8556 -14.2212 -4.9248 0 0 0 0
1628410223.180000067 -13.8849 -14.1979 -4.9248 0 0 0 0
1628410223.280000210 -13.9103 -14.1798 -4.9248 0 0 0 0
1628410223.470000029 -14.0193 -14.0999 -4.9252 0 0 0 0
1628410223.580000162 -14.0573 -14.0685 -4.9244 0 0 0 0
1628410223.750000000 -14.0917 -14.0366 -4.9250 0 0 0 0
1628410223.940000057 -14.1808 -13.9430 -4.9245 0 0 0 0
1628410224.080000162 -14.2655 -13.8321 -4.9244 0 0 0 0
1628410224.190000057 -14.2954 -13.7848 -4.9248 0 0 0 0
1628410224.410000086 -14.3421 -13.7109 -4.9245 0 0 0 0
1628410224.509999990 -14.4156 -13.5864 -4.9250 0 0 0 0
1628410224.700000048 -14.4760 -13.4846 -4.9243 0 0 0 0
1628410224.810000181 -14.5157 -13.4117 -4.9250 0 0 0 0
1628410224.930000067 -14.5456 -13.3608 -4.9247 0 0 0 0
1628410225.090000153 -14.6115 -13.2689 -4.9253 0 0 0 0
1628410225.270000219 -14.6971 -13.1609 -4.9256 0 0 0 0
1628410225.380000114 -14.7328 -13.1194 -4.9247 0 0 0 0
1628410225.550000191 -14.7674 -13.0794 -4.9255 0 0 0 0
1628410225.670000076 -14.8623 -12.9777 -4.9255 0 0 0 0
1628410225.850000143 -14.9747 -12.8918 -4.9264 0 0 0 0
1628410225.970000029 -15.0209 -12.8600 -4.9264 0 0 0 0
1628410226.120000124 -15.0877 -12.8083 -4.9271 0 0 0 0
1628410226.270000219 -15.1944 -12.7387 -4.9275 0 0 0 0
1628410226.460000038 -15.2779 -12.6980 -4.9275 0 0 0 0
1628410226.570000172 -15.3992 -12.6536 -4.9284 0 0 0 0
1628410226.730000019 -15.4873 -12.6210 -4.9282 0 0 0 0
1628410226.890000105 -15.6503 -12.5711 -4.9271 0 0 0 0
1628410227.020000219 -15.7142 -12.5601 -4.9270 0 0 0 0
1628410227.140000105 -15.7863 -12.5547 -4.9267 0 0 0 0
1628410227.280000210 -15.9537 -12.5438 -4.9263 0 0 0 0
1628410227.650000095 -16.0972 -12.5466 -4.9251 0 0 0 0
1628410227.780000210 -16.2654 -12.5724 -4.9243 0 0 0 0
1628410227.900000095 -16.4362 -12.6102 -4.9240 0 0 0 0
1628410228.009999990 -16.4362 -12.6102 -4.9240 0 0 0 0
1628410228.230000019 -16.6580 -12.7032 -4.9211 0 0 0 0
1628410228.410000086 -16.8053 -12.7786 -4.9194 0 0 0 0
1628410228.540000200 -16.8675 -12.8133 -4.9185 0 0 0 0
1628410228.720000029 -16.9848 -12.9170 -4.9180 0 0 0 0
1628410228.870000124 -17.0524 -13.0099 -4.9164 0 0 0 0
1628410228.980000019 -17.0972 -13.0663 -4.9163 0 0 0 0
1628410229.080000162 -17.1246 -13.0977 -4.9158 0 0 0 0
1628410229.259999990 -17.1612 -13.1500 -4.9155 0 0 0 0
1628410229.380000114 -17.1649 -13.1571 -4.9151 0 0 0 0
1628410229.520000219 -17.1601 -13.1533 -4.9155 0 0 0 0
1628410229.650000095 -17.1452 -13.1331 -4.9153 0 0 0 0
1628410229.790000200 -17.1281 -13.1070 -4.9152 0 0 0 0
1628410229.890000105 -17.0841 -13.0507 -4.9155 0 0 0 0
1628410230.000000000 -17.0619 -13.0218 -4.9154 0 0 0 0
1628410230.130000114 -17.0356 -12.9864 -4.9158 0 0 0 0
1628410230.330000162 -16.9714 -12.8814 -4.9164 0 0 0 0
1628410230.610000134 -16.8827 -12.7076 -4.9170 0 0 0 0
1628410230.780000210 -16.8243 -12.5711 -4.9185 0 0 0 0
1628410230.940000057 -16.7993 -12.4883 -4.9175 0 0 0 0
1628410231.080000162 -16.7834 -12.4287 -4.9178 0 0 0 0
1628410231.190000057 -16.7563 -12.3114 -4.9185 0 0 0 0
1628410231.330000162 -16.7423 -12.2223 -4.9191 0 0 0 0
1628410231.490000010 -16.7297 -12.1081 -4.9188 0 0 0 0
1628410231.680000067 -16.7276 -11.9632 -4.9194 0 0 0 0
1628410231.850000143 -16.7321 -11.8211 -4.9212 0 0 0 0
1628410231.960000038 -16.7412 -11.7641 -4.9215 0 0 0 0
1628410232.090000153 -16.7563 -11.6830 -4.9198 0 0 0 0
1628410232.200000048 -16.7676 -11.6283 -4.9199 0 0 0 0
1628410232.320000172 -16.7774 -11.5742 -4.9212 0 0 0 0
1628410232.440000057 -16.7852 -11.5201 -4.9202 0 0 0 0
1628410232.590000153 -16.7963 -11.4388 -4.9203 0 0 0 0
1628410232.750000000 -16.8045 -11.3848 -4.9208 0 0 0 0
1628410233.000000000 -16.8233 -11.1950 -4.9205 0 0 0 0
1628410233.110000134 -16.8240 -11.1112 -4.9205 0 0 0 0
1628410233.270000219 -16.8021 -10.9206 -4.9185 0 0 0 0
1628410233.380000114 -16.7971 -10.8640 -4.9196 0 0 0 0
1628410233.500000000 -16.7903 -10.8119 -4.9190 0 0 0 0
1628410233.660000086 -16.7520 -10.6767 -4.9174 0 0 0 0
1628410233.780000210 -16.7259 -10.6050 -4.9167 0 0 0 0
1628410233.920000076 -16.7050 -10.5500 -4.9171 0 0 0 0
1628410234.090000153 -16.6503 -10.4263 -4.9164 0 0 0 0
1628410234.200000048 -16.6241 -10.3744 -4.9168 0 0 0 0
1628410234.330000162 -16.5777 -10.2989 -4.9172 0 0 0 0
1628410234.460000038 -16.5066 -10.2121 -4.9160 0 0 0 0
1628410234.570000172 -16.4515 -10.1465 -4.9164 0 0 0 0
1628410234.710000038 -16.4155 -10.0988 -4.9167 0 0 0 0
1628410234.870000124 -16.3069 -10.0000 -4.9169 0 0 0 0
1628410234.980000019 -16.2577 -9.9671 -4.9163 0 0 0 0
1628410235.140000105 -16.1852 -9.9183 -4.9160 0 0 0 0
1628410235.310000181 -16.0845 -9.8550 -4.9171 0 0 0 0
1628410235.460000038 -15.9526 -9.7873 -4.9181 0 0 0 0
1628410235.570000172 -15.8954 -9.7663 -4.9190 0 0 0 0
1628410235.690000057 -15.8096 -9.7436 -4.9187 0 0 0 0
1628410235.800000191 -15.7468 -9.7319 -4.9195 0 0 0 0
1628410235.960000038 -15.6885 -9.7176 -4.9201 0 0 0 0
1628410236.140000105 -15.5370 -9.6911 -4.9213 0 0 0 0
1628410236.270000219 -15.3822 -9.6937 -4.9212 0 0 0 0
1628410236.390000105 -15.3110 -9.6950 -4.9225 0 0 0 0
1628410236.570000172 -15.2212 -9.7064 -4.9225 0 0 0 0
1628410236.710000038 -15.1605 -9.7168 -4.9230 0 0 0 0
1628410236.860000134 -14.9472 -9.7829 -4.9239 0 0 0 0
1628410237.070000172 -14.8263 -9.8271 -4.9245 0 0 0 0
1628410237.180000067 -14.7358 -9.8720 -4.9259 0 0 0 0
1628410237.340000153 -14.6856 -9.9064 -4.9253 0 0 0 0
1628410237.450000048 -14.6364 -9.9408 -4.9241 0 0 0 0
1628410237.590000153 -14.4950 -10.0329 -4.9258 0 0 0 0
1628410237.720000029 -14.4386 -10.0637 -4.9253 0 0 0 0
1628410237.910000086 -14.3509 -10.1179 -4.9265 0 0 0 0
1628410238.100000143 -14.2221 -10.2240 -4.9261 0 0 0 0
1628410238.270000219 -14.0807 -10.3217 -4.9270 0 0 0 0
1628410238.420000076 -13.9656 -10.4039 -4.9268 0 0 0 0
1628410238.560000181 -13.9135 -10.4490 -4.9272 0 0 0 0
1628410238.680000067 -13.8667 -10.4904 -4.9267 0 0 0 0
1628410238.970000029 -13.6799 -10.6213 -4.9272 0 0 0 0
1628410239.080000162 -13.5482 -10.7225 -4.9280 0 0 0 0
1628410239.230000019 -13.4762 -10.7845 -4.9274 0 0 0 0
1628410239.370000124 -13.3672 -10.8598 -4.9283 0 0 0 0
1628410239.480000019 -13.3133 -10.8903 -4.9279 0 0 0 0
1628410239.600000143 -13.2356 -10.9344 -4.9281 0 0 0 0
1628410239.740000010 -13.1816 -10.9638 -4.9285 0 0 0 0
1628410239.900000095 -13.0472 -11.0309 -4.9278 0 0 0 0
1628410240.020000219 -12.9911 -11.0535 -4.9287 0 0 0 0
1628410240.160000086 -12.9077 -11.0821 -4.9286 0 0 0 0
1628410240.400000095 -12.7278 -11.1266 -4.9282 0 0 0 0
1628410240.570000172 -12.5826 -11.1598 -4.9292 0 0 0 0
1628410240.810000181 -12.4362 -11.1722 -4.9285 0 0 0 0
1628410241.020000219 -12.2870 -11.1720 -4.9296 0 0 0 0
1628410241.170000076 -12.1680 -11.1698 -4.9298 0 0 0 0
1628410241.330000162 -12.0798 -11.1615 -4.9293 0 0 0 0
1628410241.470000029 -11.9675 -11.1388 -4.9289 0 0 0 0
1628410241.580000162 -11.8818 -11.1202 -4.9291 0 0 0 0
1628410241.759999990 -11.8225 -11.1037 -4.9295 0 0 0 0
1628410241.880000114 -11.7425 -11.0747 -4.9291 0 0 0 0
1628410242.060000181 -11.5496 -10.9911 -4.9295 0 0 0 0
1628410242.280000210 -11.4696 -10.9506 -4.9293 0 0 0 0
1628410242.410000086 -11.3676 -10.8858 -4.9294 0 0 0 0
1628410242.560000181 -11.2765 -10.8123 -4.9284 0 0 0 0
1628410242.720000029 -11.2096 -10.7538 -4.9279 0 0 0 0
1628410242.890000105 -11.1173 -10.6744 -4.9273 0 0 0 0
1628410243.100000143 -11.0592 -10.6109 -4.9267 0 0 0 0
1628410243.250000000 -10.9847 -10.5090 -4.9270 0 0 0 0
1628410243.370000124 -10.9354 -10.4305 -4.9264 0 0 0 0
1628410243.580000162 -10.8226 -10.2434 -4.9267 0 0 0 0
1628410243.759999990 -10.7987 -10.1871 -4.9254 0 0 0 0
1628410243.880000114 -10.7596 -10.0687 -4.9264 0 0 0 0
1628410244.000000000 -10.7310 -9.9739 -4.9264 0 0 0 0
1628410244.170000076 -10.7159 -9.9153 -4.9262 0 0 0 0
1628410244.509999990 -10.6760 -9.6064 -4.9268 0 0 0 0
1628410244.680000067 -10.6740 -9.5414 -4.9273 0 0 0 0
1628410244.800000191 -10.6772 -9.4774 -4.9283 0 0 0 0
1628410244.910000086 -10.6951 -9.3235 -4.9287 0 0 0 0
1628410245.040000200 -10.7070 -9.2613 -4.9293 0 0 0 0
1628410245.170000076 -10.7244 -9.1698 -4.9294 0 0 0 0
1628410245.290000200 -10.7464 -9.0811 -4.9303 0 0 0 0
1628410245.390000105 -10.7906 -8.9601 -4.9311 0 0 0 0
1628410245.580000162 -10.8469 -8.8470 -4.9315 0 0 0 0
1628410245.720000029 -10.8873 -8.7624 -4.9318 0 0 0 0
1628410245.860000134 -10.9638 -8.6359 -4.9312 0 0 0 0
1628410246.080000162 -11.0644 -8.5175 -4.9327 0 0 0 0
1628410246.210000038 -11.1065 -8.4707 -4.9322 0 0 0 0
1628410246.360000134 -11.1462 -8.4264 -4.9329 0 0 0 0
1628410246.480000019 -11.2545 -8.3208 -4.9324 0 0 0 0
1628410246.650000095 -11.3528 -8.2528 -4.9324 0 0 0 0
1628410246.759999990 -11.4291 -8.2020 -4.9325 0 0 0 0
1628410246.940000057 -11.4811 -8.1705 -4.9326 0 0 0 0
1628410247.080000162 -11.6096 -8.1064 -4.9319 0 0 0 0
1628410247.259999990 -11.7473 -8.0428 -4.9319 0 0 0 0
1628410247.380000114 -11.8033 -8.0128 -4.9309 0 0 0 0
1628410247.520000219 -11.8605 -7.9826 -4.9312 0 0 0 0
1628410247.670000076 -12.0074 -7.9043 -4.9317 0 0 0 0
1628410247.790000200 -12.0609 -7.8698 -4.9316 0 0 0 0
1628410247.920000076 -12.1141 -7.8311 -4.9313 0 0 0 0
1628410248.050000191 -12.2357 -7.7294 -4.9310 0 0 0 0
1628410248.380000114 -12.3086 -7.6696 -4.9308 0 0 0 0
1628410248.530000210 -12.4639 -7.5074 -4.9304 0 0 0 0
1628410248.690000057 -12.5433 -7.4101 -4.9301 0 0 0 0
1628410248.820000172 -12.5986 -7.3359 -4.9303 0 0 0 0
1628410249.020000219 -12.6789 -7.2053 -4.9298 0 0 0 0
1628410249.120000124 -12.7065 -7.1508 -4.9296 0 0 0 0
1628410249.259999990 -12.7717 -7.0144 -4.9290 0 0 0 0
1628410249.420000076 -12.7993 -6.9605 -4.9285 0 0 0 0
1628410249.650000095 -12.8454 -6.8124 -4.9278 0 0 0 0
1628410249.759999990 -12.8682 -6.6983 -4.9261 0 0 0 0
1628410249.890000105 -12.8818 -6.6382 -4.9269 0 0 0 0
1628410250.090000153 -12.9118 -6.4597 -4.9258 0 0 0 0
1628410250.210000038 -12.9151 -6.3951 -4.9259 0 0 0 0
1628410250.370000124 -12.9121 -6.3337 -4.9255 0 0 0 0
1628410250.590000153 -12.9072 -6.1297 -4.9251 0 0 0 0
1628410250.710000038 -12.9113 -6.0772 -4.9249 0 0 0 0
1628410250.910000086 -12.9156 -6.0090 -4.9244 0 0 0 0
1628410251.130000114 -12.9232 -5.9199 -4.9254 0 0 0 0
1628410251.259999990 -12.9268 -5.8930 -4.9258 0 0 0 0
1628410251.370000124 -12.9245 -5.9016 -4.9262 0 0 0 0
1628410251.490000010 -12.9197 -5.9369 -4.9260 0 0 0 0
1628410251.660000086 -12.9092 -6.0146 -4.9251 0 0 0 0
1628410251.759999990 -12.9011 -6.0525 -4.9261 0 0 0 0
1628410251.890000105 -12.8870 -6.1208 -4.9258 0 0 0 0
1628410252.060000181 -12.8750 -6.2526 -4.9253 0 0 0 0
1628410252.259999990 -12.8719 -6.3699 -4.9252 0 0 0 0
1628410252.460000038 -12.8769 -6.4628 -4.9254 0 0 0 0
1628410252.590000153 -12.8925 -6.5894 -4.9253 0 0 0 0
1628410252.710000038 -12.9112 -6.6844 -4.9254 0 0 0 0
1628410252.920000076 -12.9636 -6.8690 -4.9254 0 0 0 0
1628410253.110000134 -12.9743 -6.8978 -4.9260 0 0 0 0
1628410253.440000057 -13.0688 -7.0940 -4.9256 0 0 0 0
1628410253.580000162 -13.1514 -7.2236 -4.9260 0 0 0 0
1628410253.690000057 -13.2202 -7.3250 -4.9253 0 0 0 0
1628410253.830000162 -13.2793 -7.3907 -4.9260 0 0 0 0
1628410253.940000057 -13.3221 -7.4296 -4.9261 0 0 0 0
1628410254.090000153 -13.4320 -7.5251 -4.9266 0 0 0 0
1628410254.280000210 -13.5153 -7.5942 -4.9265 0 0 0 0
1628410254.400000095 -13.5880 -7.6409 -4.9266 0 0 0 0
1628410254.560000181 -13.6355 -7.6684 -4.9267 0 0 0 0
1628410254.690000057 -13.7595 -7.7262 -4.9268 0 0 0 0
1628410254.790000200 -13.8166 -7.7463 -4.9270 0 0 0 0
1628410254.950000048 -13.8741 -7.7630 -4.9269 0 0 0 0
1628410255.070000172 -13.9578 -7.7811 -4.9254 0 0 0 0
1628410255.259999990 -14.0174 -7.7911 -4.9251 0 0 0 0
1628410255.370000124 -14.1619 -7.8213 -4.9246 0 0 0 0
1628410255.500000000 -14.2802 -7.8425 -4.9239 0 0 0 0
1628410255.640000105 -14.3673 -7.8606 -4.9237 0 0 0 0
1628410255.740000010 -14.4295 -7.8777 -4.9221 0 0 0 0
1628410255.860000134 -14.5777 -7.9158 -4.9219 0 0 0 0
1628410256.060000181 -14.7237 -7.9521 -4.9210 0 0 0 0
1628410256.170000076 -14.7790 -7.9704 -4.9212 0 0 0 0
1628410256.430000067 -14.9176 -8.0240 -4.9203 0 0 0 0
1628410256.590000153 -14.9766 -8.0470 -4.9191 0 0 0 0
1628410256.759999990 -15.1800 -8.1206 -4.9181 0 0 0 0
1628410256.880000114 -15.2397 -8.1446 -4.9178 0 0 0 0
1628410257.050000191 -15.3715 -8.2130 -4.9160 0 0 0 0
1628410257.160000086 -15.4248 -8.2412 -4.9154 0 0 0 0
1628410257.290000200 -15.4748 -8.2666 -4.9152 0 0 0 0
1628410257.460000038 -15.6078 -8.3400 -4.9142 0 0 0 0
1628410257.570000172 -15.6577 -8.3728 -4.9137 0 0 0 0
1628410257.700000048 -15.7279 -8.4292 -4.9137 0 0 0 0
1628410257.830000162 -15.7499 -8.4487 -4.9131 0 0 0 0
1628410258.000000000 -15.8867 -8.5638 -4.9124 0 0 0 0
1628410258.140000105 -15.9349 -8.6042 -4.9116 0 0 0 0
1628410258.290000200 -16.0445 -8.7015 -4.9108 0 0 0 0
1628410258.440000057 -16.0870 -8.7457 -4.9118 0 0 0 0
1628410259.000000000 -16.3932 -8.9457 -4.9108 0 0 0 0
1628410259.220000029 -16.5846 -9.0509 -4.9087 0 0 0 0
1628410259.360000134 -16.6352 -9.0791 -4.9097 0 0 0 0
1628410259.480000019 -16.6829 -9.0991 -4.9108 0 0 0 0
1628410259.630000114 -16.7715 -9.1249 -4.9106 0 0 0 0
1628410259.830000162 -16.9685 -9.1961 -4.9106 0 0 0 0
1628410259.950000048 -17.0263 -9.2121 -4.9099 0 0 0 0
1628410260.080000162 -17.1694 -9.2353 -4.9091 0 0 0 0
1628410260.190000057 -17.2246 -9.2409 -4.9088 0 0 0 0
1628410260.410000086 -17.3406 -9.2453 -4.9090 0 0 0 0
1628410260.590000153 -17.4135 -9.2449 -4.9076 0 0 0 0
1628410260.750000000 -17.4379 -9.2432 -4.9067 0 0 0 0
1628410260.860000134 -17.4386 -9.2429 -4.9067 0 0 0 0
1628410261.130000114 -17.3989 -9.2423 -4.9074 0 0 0 0
1628410261.250000000 -17.3498 -9.2460 -4.9065 0 0 0 0
1628410261.380000114 -17.2950 -9.2508 -4.9073 0 0 0 0
1628410261.550000191 -17.1892 -9.2601 -4.9074 0 0 0 0
1628410261.690000057 -17.0874 -9.2755 -4.9091 0 0 0 0
1628410261.880000114 -16.9555 -9.3064 -4.9100 0 0 0 0
1628410261.980000019 -16.9011 -9.3225 -4.9105 0 0 0 0
1628410262.120000124 -16.8234 -9.3494 -4.9109 0 0 0 0
1628410262.270000219 -16.7157 -9.3983 -4.9106 0 0 0 0
1628410262.420000076 -16.6373 -9.4306 -4.9109 0 0 0 0
1628410262.560000181 -16.5868 -9.4526 -4.9115 0 0 0 0
1628410262.670000076 -16.5342 -9.4823 -4.9122 0 0 0 0
1628410262.830000162 -16.4174 -9.5698 -4.9130 0 0 0 0
1628410262.960000038 -16.3740 -9.6023 -4.9132 0 0 0 0
1628410263.120000124 -16.2613 -9.6912 -4.9146 0 0 0 0
1628410263.290000200 -16.1638 -9.7898 -4.9157 0 0 0 0
1628410263.460000038 -16.0819 -9.8942 -4.9162 0 0 0 0
1628410263.590000153 -16.0479 -9.9406 -4.9168 0 0 0 0
1628410263.740000010 -16.0138 -9.9845 -4.9177 0 0 0 0
1628410264.030000210 -15.9301 -10.1221 -4.9191 0 0 0 0
1628410264.150000095 -15.8869 -10.2180 -4.9195 0 0 0 0
1628410264.270000219 -15.8520 -10.2920 -4.9199 0 0 0 0
1628410264.410000086 -15.8148 -10.3916 -4.9207 0 0 0 0
1628410264.570000172 -15.7790 -10.5236 -4.9216 0 0 0 0
1628410264.690000057 -15.7672 -10.5818 -4.9217 0 0 0 0
1628410264.810000181 -15.7590 -10.6370 -4.9221 0 0 0 0
1628410264.960000038 -15.7537 -10.6941 -4.9221 0 0 0 0
1628410265.160000086 -15.7364 -10.8319 -4.9224 0 0 0 0
1628410265.340000153 -15.7391 -10.9781 -4.9245 0 0 0 0
1628410265.460000038 -15.7470 -11.0319 -4.9240 0 0 0 0
1628410265.580000162 -15.7615 -11.1754 -4.9249 0 0 0 0
1628410265.680000067 -15.7718 -11.2280 -4.9251 0 0 0 0
1628410265.790000200 -15.7894 -11.3068 -4.9250 0 0 0 0
1628410265.950000048 -15.8060 -11.3634 -4.9251 0 0 0 0
1628410266.080000162 -15.8340 -11.4468 -4.9255 0 0 0 0
1628410266.200000048 -15.8827 -11.5536 -4.9251 0 0 0 0
1628410266.509999990 -15.9729 -11.7387 -4.9259 0 0 0 0
1628410266.630000114 -16.0055 -11.7854 -4.9253 0 0 0 0
1628410266.790000200 -16.0570 -11.8521 -4.9244 0 0 0 0
1628410267.030000210 -16.1898 -12.0122 -4.9243 0 0 0 0
1628410267.190000057 -16.2317 -12.0568 -4.9247 0 0 0 0
1628410267.390000105 -16.3649 -12.1975 -4.9237 0 0 0 0
1628410267.550000191 -16.4064 -12.2499 -4.9235 0 0 0 0
1628410267.670000076 -16.4296 -12.2844 -4.9236 0 0 0 0
1628410267.840000153 -16.4687 -12.3474 -4.9256 0 0 0 0
1628410267.960000038 -16.4734 -12.3555 -4.9265 0 0 0 0
1628410268.080000162 -16.4570 -12.3323 -4.9255 0 0 0 0
1628410268.180000067 -16.4503 -12.3183 -4.9251 0 0 0 0
1628410268.460000038 -16.4406 -12.3004 -4.9253 0 0 0 0
1628410268.610000134 -16.3973 -12.2325 -4.9240 0 0 0 0
1628410268.759999990 -16.3544 -12.1637 -4.9240 0 0 0 0
1628410268.900000095 -16.2820 -12.0642 -4.9235 0 0 0 0
1628410269.100000143 -16.2463 -12.0252 -4.9242 0 0 0 0
1628410269.250000000 -16.1503 -11.9261 -4.9244 0 0 0 0
1628410269.430000067 -16.0437 -11.8295 -4.9238 0 0 0 0
1628410269.580000162 -15.9981 -11.7925 -4.9239 0 0 0 0
1628410269.740000010 -15.8462 -11.7021 -4.9240 0 0 0 0
1628410269.890000105 -15.7942 -11.6771 -4.9240 0 0 0 0
1628410270.080000162 -15.6338 -11.6069 -4.9246 0 0 0 0
1628410270.200000048 -15.5491 -11.5807 -4.9243 0 0 0 0
1628410270.320000172 -15.4938 -11.5673 -4.9243 0 0 0 0
1628410270.470000029 -15.4388 -11.5567 -4.9250 0 0 0 0
1628410270.670000076 -15.2967 -11.5366 -4.9260 0 0 0 0
1628410270.830000162 -15.2418 -11.5306 -4.9255 0 0 0 0
1628410271.040000200 -15.0499 -11.5364 -4.9264 0 0 0 0
1628410271.370000124 -14.8527 -11.5615 -4.9277 0 0 0 0
1628410271.520000219 -14.7716 -11.5849 -4.9279 0 0 0 0
1628410271.759999990 -14.5768 -11.6592 -4.9280 0 0 0 0
1628410271.920000076 -14.4664 -11.7116 -4.9289 0 0 0 0
1628410272.080000162 -14.3347 -11.8007 -4.9298 0 0 0 0
1628410272.180000067 -14.2880 -11.8408 -4.9295 0 0 0 0
1628410272.350000143 -14.2159 -11.9045 -4.9294 0 0 0 0
1628410272.480000019 -14.1016 -12.0188 -4.9290 0 0 0 0
1628410272.580000162 -14.0622 -12.0684 -4.9294 0 0 0 0
1628410272.730000019 -14.0257 -12.1210 -4.9287 0 0 0 0
1628410272.850000143 -13.9753 -12.2022 -4.9293 0 0 0 0
1628410273.090000153 -13.8752 -12.4122 -4.9288 0 0 0 0
1628410273.210000038 -13.8559 -12.4714 -4.9285 0 0 0 0
1628410273.370000124 -13.8136 -12.6317 -4.9282 0 0 0 0
1628410273.490000010 -13.8000 -12.6972 -4.9270 0 0 0 0
1628410273.610000134 -13.7909 -12.7949 -4.9264 0 0 0 0
1628410273.770000219 -13.7923 -12.8939 -4.9257 0 0 0 0
1628410273.930000067 -13.8043 -13.0252 -4.9254 0 0 0 0
1628410274.060000181 -13.8256 -13.1514 -4.9251 0 0 0 0
1628410274.180000067 -13.8481 -13.2320 -4.9247 0 0 0 0
1628410274.410000086 -13.8854 -13.3462 -4.9247 0 0 0 0
1628410274.540000200 -13.8957 -13.3861 -4.9243 0 0 0 0
1628410274.670000076 -13.9140 -13.4575 -4.9247 0 0 0 0
1628410274.860000134 -13.9226 -13.4893 -4.9251 0 0 0 0
1628410275.009999990 -13.9240 -13.4920 -4.9251 0 0 0 0
1628410275.130000114 -13.9241 -13.4902 -4.9252 0 0 0 0
1628410275.290000200 -13.9192 -13.4764 -4.9255 0 0 0 0
1628410275.470000029 -13.9154 -13.4646 -4.9253 0 0 0 0
1628410275.580000162 -13.9102 -13.4450 -4.9243 0 0 0 0
1628410275.780000210 -13.9037 -13.4160 -4.9243 0 0 0 0
1628410275.890000105 -13.8969 -13.3888 -4.9246 0 0 0 0
1628410275.990000010 -13.8901 -13.3686 -4.9245 0 0 0 0
1628410276.120000124 -13.8824 -13.3458 -4.9246 0 0 0 0
1628410276.290000200 -13.8647 -13.2839 -4.9246 0 0 0 0
1628410276.460000038 -13.8536 -13.2460 -4.9230 0 0 0 0
1628410276.620000124 -13.8338 -13.1803 -4.9248 0 0 0 0
1628410276.750000000 -13.8338 -13.1803 -4.9248 0 0 0 0
1628410276.920000076 -13.8098 -13.0997 -4.9246 0 0 0 0
1628410277.070000172 -13.7915 -13.0248 -4.9249 0 0 0 0
1628410277.190000057 -13.7819 -12.9778 -4.9250 0 0 0 0
1628410277.370000124 -13.7719 -12.9446 -4.9249 0 0 0 0
1628410277.480000019 -13.7460 -12.8604 -4.9255 0 0 0 0
1628410277.590000153 -13.7367 -12.8219 -4.9253 0 0 0 0
1628410277.759999990 -13.7267 -12.7868 -4.9254 0 0 0 0
1628410277.870000124 -13.6994 -12.6953 -4.9248 0 0 0 0
1628410277.980000019 -13.6891 -12.6584 -4.9252 0 0 0 0
1628410278.180000067 -13.6641 -12.5604 -4.9260 0 0 0 0
1628410278.430000067 -13.6403 -12.4657 -4.9259 0 0 0 0
1628410278.560000181 -13.6244 -12.4267 -4.9260 0 0 0 0
1628410278.710000038 -13.5890 -12.3325 -4.9267 0 0 0 0
1628410278.850000143 -13.5594 -12.2598 -4.9272 0 0 0 0
1628410278.990000010 -13.5323 -12.2051 -4.9268 0 0 0 0
1628410279.130000114 -13.5155 -12.1700 -4.9273 0 0 0 0
1628410279.560000181 -13.4706 -12.0773 -4.9279 0 0 0 0
1628410279.670000076 -13.3683 -11.9267 -4.9284 0 0 0 0
1628410279.860000134 -13.3044 -11.8496 -4.9285 0 0 0 0
1628410279.970000029 -13.2791 -11.8194 -4.9283 0 0 0 0
1628410280.130000114 -13.2415 -11.7756 -4.9283 0 0 0 0
1628410280.280000210 -13.1698 -11.7116 -4.9279 0 0 0 0
1628410280.440000057 -13.1363 -11.6862 -4.9284 0 0 0 0
1628410280.590000153 -13.0798 -11.6378 -4.9274 0 0 0 0
1628410280.700000048 -13.0489 -11.6106 -4.9270 0 0 0 0
1628410280.810000181 -12.9972 -11.5690 -4.9280 0 0 0 0
1628410280.960000038 -12.9642 -11.5403 -4.9275 0 0 0 0
1628410281.080000162 -12.8850 -11.4577 -4.9275 0 0 0 0
1628410281.200000048 -12.8553 -11.4244 -4.9274 0 0 0 0
1628410281.450000048 -12.7816 -11.3381 -4.9269 0 0 0 0
1628410281.620000124 -12.7567 -11.3024 -4.9274 0 0 0 0
1628410281.860000134 -12.6597 -11.1534 -4.9272 0 0 0 0
1628410281.960000038 -12.6179 -11.0698 -4.9281 0 0 0 0
1628410282.080000162 -12.6018 -11.0260 -4.9283 0 0 0 0
1628410282.259999990 -12.5561 -10.9197 -4.9285 0 0 0 0
1628410282.460000038 -12.5398 -10.8738 -4.9285 0 0 0 0
1628410282.590000153 -12.5076 -10.7634 -4.9286 0 0 0 0
1628410282.730000019 -12.4950 -10.7176 -4.9282 0 0 0 0
1628410282.870000124 -12.4700 -10.5926 -4.9285 0 0 0 0
1628410282.990000010 -12.4649 -10.5121 -4.9289 0 0 0 0
1628410283.170000076 -12.4591 -10.3939 -4.9288 0 0 0 0
1628410283.320000172 -12.4549 -10.3344 -4.9294 0 0 0 0
1628410283.460000038 -12.4485 -10.1676 -4.9292 0 0 0 0
1628410283.660000086 -12.4492 -10.0252 -4.9301 0 0 0 0
1628410283.780000210 -12.4394 -9.9123 -4.9305 0 0 0 0
1628410283.890000105 -12.4230 -9.8366 -4.9303 0 0 0 0
1628410284.009999990 -12.3880 -9.7293 -4.9297 0 0 0 0
1628410284.140000105 -12.3591 -9.6575 -4.9298 0 0 0 0
1628410284.259999990 -12.2888 -9.4776 -4.9300 0 0 0 0
1628410284.380000114 -12.2515 -9.4074 -4.9307 0 0 0 0
1628410284.520000219 -12.2086 -9.3469 -4.9303 0 0 0 0
1628410284.670000076 -12.1127 -9.2344 -4.9302 0 0 0 0
1628410284.790000200 -12.0344 -9.1465 -4.9300 0 0 0 0
1628410284.970000029 -11.9578 -9.0721 -4.9296 0 0 0 0
1628410285.080000162 -11.9007 -9.0256 -4.9307 0 0 0 0
1628410285.210000038 -11.7519 -8.9229 -4.9314 0 0 0 0
1628410285.350000143 -11.6852 -8.8800 -4.9327 0 0 0 0
1628410285.460000038 -11.6193 -8.8393 -4.9320 0 0 0 0
1628410285.650000095 -11.4731 -8.7354 -4.9320 0 0 0 0
1628410285.790000200 -11.3670 -8.6332 -4.9310 0 0 0 0
1628410285.990000010 -11.2192 -8.4783 -4.9304 0 0 0 0
1628410286.230000019 -11.1371 -8.3619 -4.9308 0 0 0 0
1628410286.370000124 -11.1015 -8.3030 -4.9303 0 0 0 0
1628410286.480000019 -11.0268 -8.1559 -4.9307 0 0 0 0
1628410286.580000162 -11.0038 -8.0989 -4.9314 0 0 0 0
1628410286.690000057 -10.9748 -8.0165 -4.9314 0 0 0 0
1628410286.850000143 -10.9430 -7.9231 -4.9308 0 0 0 0
1628410286.970000029 -10.9315 -7.8838 -4.9310 0 0 0 0
1628410287.100000143 -10.9202 -7.8280 -4.9320 0 0 0 0
1628410287.280000210 -10.9154 -7.7853 -4.9338 0 0 0 0
1628410287.390000105 -10.9230 -7.7910 -4.9346 0 0 0 0
1628410287.560000181 -10.9275 -7.8095 -4.9344 0 0 0 0
1628410287.700000048 -10.9527 -7.8939 -4.9343 0 0 0 0
1628410287.800000191 -10.9726 -7.9429 -4.9339 0 0 0 0
1628410287.930000067 -10.9972 -8.0029 -4.9344 0 0 0 0
1628410288.080000162 -11.0554 -8.1973 -4.9338 0 0 0 0
1628410288.259999990 -11.0807 -8.4346 -4.9328 0 0 0 0
1628410288.440000057 -11.0910 -8.5406 -4.9329 0 0 0 0
1628410288.560000181 -11.1369 -8.8201 -4.9318 0 0 0 0
1628410288.680000067 -11.1611 -8.9320 -4.9315 0 0 0 0
1628410288.870000124 -11.2642 -9.2200 -4.9297 0 0 0 0
1628410288.980000019 -11.3171 -9.3240 -4.9298 0 0 0 0
1628410289.120000124 -11.4201 -9.4708 -4.9294 0 0 0 0
1628410289.250000000 -11.5044 -9.5616 -4.9298 0 0 0 0
1628410289.350000143 -11.5942 -9.6425 -4.9290 0 0 0 0
1628410289.450000048 -11.7379 -9.7567 -4.9288 0 0 0 0
1628410289.580000162 -11.9278 -9.9141 -4.9296 0 0 0 0
1628410289.740000010 -12.0499 -10.0435 -4.9299 0 0 0 0
1628410289.870000124 -12.1769 -10.2283 -4.9306 0 0 0 0
1628410290.000000000 -12.2390 -10.3916 -4.9304 0 0 0 0
1628410290.150000095 -12.2665 -10.4953 -4.9300 0 0 0 0
1628410290.360000134 -12.3447 -10.7461 -4.9286 0 0 0 0
1628410290.520000219 -12.4253 -10.9253 -4.9278 0 0 0 0
1628410290.670000076 -12.5504 -11.1310 -4.9279 0 0 0 0
1628410290.800000191 -12.6080 -11.2042 -4.9283 0 0 0 0
1628410290.990000010 -12.7775 -11.3679 -4.9284 0 0 0 0
1628410291.160000086 -12.8977 -11.4457 -4.9277 0 0 0 0
1628410291.259999990 -13.0709 -11.5327 -4.9279 0 0 0 0
1628410291.380000114 -13.1910 -11.6057 -4.9281 0 0 0 0
1628410291.620000124 -13.3399 -11.7175 -4.9290 0 0 0 0
1628410291.759999990 -13.4421 -11.8167 -4.9293 0 0 0 0
1628410291.910000086 -13.5394 -11.9710 -4.9291 0 0 0 0
1628410292.090000153 -13.6470 -12.1808 -4.9269 0 0 0 0
1628410292.410000086 -13.7676 -12.3810 -4.9267 0 0 0 0
1628410292.560000181 -13.9773 -12.6282 -4.9279 0 0 0 0
1628410292.690000057 -14.0445 -12.6897 -4.9271 0 0 0 0
1628410292.860000134 -14.2248 -12.8272 -4.9276 0 0 0 0
1628410292.980000019 -14.3049 -12.8749 -4.9281 0 0 0 0
1628410293.140000105 -14.3854 -12.9111 -4.9272 0 0 0 0
1628410293.259999990 -14.6123 -12.9771 -4.9272 0 0 0 0
1628410293.360000134 -14.7047 -12.9915 -4.9272 0 0 0 0
1628410293.560000181 -14.8491 -13.0026 -4.9267 0 0 0 0
1628410293.759999990 -15.0455 -13.0335 -4.9270 0 0 0 0
1628410293.890000105 -15.1833 -13.0721 -4.9266 0 0 0 0
1628410294.080000162 -15.2755 -13.1023 -4.9263 0 0 0 0
1628410294.270000219 -15.6215 -13.2712 -4.9243 0 0 0 0
1628410294.370000124 -15.7808 -13.3815 -4.9242 0 0 0 0
1628410294.530000210 -15.9174 -13.5101 -4.9233 0 0 0 0
1628410294.650000095 -16.0124 -13.5999 -4.9223 0 0 0 0
1628410294.890000105 -16.1110 -13.6728 -4.9208 0 0 0 0
1628410295.150000095 -16.2515 -13.7606 -4.9192 0 0 0 0
1628410295.340000153 -16.2780 -13.7738 -4.9180 0 0 0 0
1628410295.470000029 -16.2780 -13.7738 -4.9180 0 0 0 0
1628410295.620000124 -16.2324 -13.7453 -4.9198 0 0 0 0
1628410295.800000191 -16.1215 -13.6787 -4.9201 0 0 0 0
1628410295.970000029 -16.0425 -13.6283 -4.9203 0 0 0 0
1628410296.090000153 -15.9772 -13.5807 -4.9200 0 0 0 0
1628410296.210000038 -15.9327 -13.5434 -4.9210 0 0 0 0
1628410296.350000143 -15.8904 -13.5051 -4.9210 0 0 0 0
1628410296.530000210 -15.7909 -13.3988 -4.9206 0 0 0 0
1628410296.750000000 -15.7200 -13.3034 -4.9206 0 0 0 0
1628410296.890000105 -15.6387 -13.1761 -4.9214 0 0 0 0
1628410297.020000219 -15.6117 -13.1264 -4.9218 0 0 0 0
1628410297.170000076 -15.5755 -13.0435 -4.9224 0 0 0 0
1628410297.300000191 -15.5360 -12.9423 -4.9227 0 0 0 0
1628410297.480000019 -15.5005 -12.8097 -4.9230 0 0 0 0
1628410297.590000153 -15.4921 -12.7610 -4.9228 0 0 0 0
1628410297.730000019 -15.4816 -12.6864 -4.9230 0 0 0 0
1628410297.880000114 -15.4706 -12.5893 -4.9236 0 0 0 0
1628410297.990000010 -15.4680 -12.5231 -4.9237 0 0 0 0
1628410298.130000114 -15.4682 -12.4780 -4.9238 0 0 0 0
1628410298.250000000 -15.4731 -12.3710 -4.9241 0 0 0 0
1628410298.400000095 -15.4807 -12.3256 -4.9242 0 0 0 0
1628410298.530000210 -15.4962 -12.2580 -4.9249 0 0 0 0
1628410298.680000067 -15.5119 -12.1723 -4.9252 0 0 0 0
1628410298.790000200 -15.5289 -12.0986 -4.9250 0 0 0 0
1628410298.950000048 -15.5454 -12.0525 -4.9254 0 0 0 0
1628410299.060000181 -15.5623 -12.0090 -4.9252 0 0 0 0
1628410299.200000048 -15.6093 -11.9015 -4.9250 0 0 0 0
1628410299.440000057 -15.6681 -11.7963 -4.9251 0 0 0 0
1628410299.590000153 -15.6972 -11.7540 -4.9254 0 0 0 0
1628410299.720000029 -15.7708 -11.6500 -4.9242 0 0 0 0
1628410299.960000038 -15.8196 -11.5918 -4.9243 0 0 0 0
1628410300.070000172 -15.8765 -11.5349 -4.9240 0 0 0 0
1628410300.200000048 -15.9491 -11.4639 -4.9238 0 0 0 0
1628410300.310000181 -16.0355 -11.3954 -4.9234 0 0 0 0
1628410300.470000029 -16.1048 -11.3540 -4.9226 0 0 0 0
1628410300.580000162 -16.1990 -11.3025 -4.9230 0 0 0 0
1628410300.770000219 -16.3181 -11.2365 -4.9221 0 0 0 0
1628410300.940000057 -16.3928 -11.2001 -4.9206 0 0 0 0
1628410301.090000153 -16.4445 -11.1742 -4.9207 0 0 0 0
1628410301.210000038 -16.5540 -11.1239 -4.9202 0 0 0 0
1628410301.360000134 -16.6861 -11.0442 -4.9205 0 0 0 0
1628410301.480000019 -16.7604 -10.9899 -4.9200 0 0 0 0
1628410301.590000153 -16.8066 -10.9538 -4.9194 0 0 0 0
1628410301.780000210 -16.8569 -10.9112 -4.9203 0 0 0 0
1628410301.910000086 -16.9465 -10.8324 -4.9185 0 0 0 0
1628410302.050000191 -17.0473 -10.7196 -4.9189 0 0 0 0
1628410302.160000086 -17.0772 -10.6754 -4.9179 0 0 0 0
1628410302.280000210 -17.1214 -10.6067 -4.9181 0 0 0 0
1628410302.420000076 -17.1508 -10.5625 -4.9179 0 0 0 0
1628410302.580000162 -17.1770 -10.5236 -4.9172 0 0 0 0
1628410302.690000057 -17.2083 -10.4654 -4.9177 0 0 0 0
1628410302.870000124 -17.2241 -10.4314 -4.9177 0 0 0 0
1628410302.980000019 -17.2623 -10.3582 -4.9188 0 0 0 0
1628410303.100000143 -17.2643 -10.3536 -4.9154 0 0 0 0
1628410303.200000048 -17.2576 -10.3612 -4.9186 0 0 0 0
1628410303.320000172 -17.2455 -10.3780 -4.9184 0 0 0 0
1628410303.480000019 -17.1965 -10.4469 -4.9194 0 0 0 0
1628410303.580000162 -17.1670 -10.4893 -4.9196 0 0 0 0
1628410303.759999990 -17.1159 -10.5641 -4.9201 0 0 0 0
1628410303.880000114 -17.0367 -10.6813 -4.9198 0 0 0 0
1628410304.009999990 -16.9754 -10.7907 -4.9211 0 0 0 0
1628410304.140000105 -16.9394 -10.8709 -4.9214 0 0 0 0
1628410304.259999990 -16.8623 -11.0913 -4.9209 0 0 0 0
1628410304.420000076 -16.8359 -11.1923 -4.9221 0 0 0 0
1628410304.570000172 -16.8066 -11.4389 -4.9214 0 0 0 0
1628410304.690000057 -16.8121 -11.5399 -4.9200 0 0 0 0
1628410304.880000114 -16.8292 -11.6982 -4.9200 0 0 0 0
1628410305.000000000 -16.8688 -11.8947 -4.9195 0 0 0 0
1628410305.280000210 -16.9481 -12.1161 -4.9186 0 0 0 0
1628410305.400000095 -17.0098 -12.2946 -4.9169 0 0 0 0
1628410305.540000200 -17.0098 -12.2946 -4.9169 0 0 0 0
1628410305.710000038 -17.0358 -12.4071 -4.9147 0 0 0 0
1628410305.840000153 -17.0315 -12.3954 -4.9157 0 0 0 0
1628410306.120000124 -17.0158 -12.3170 -4.9161 0 0 0 0
1628410306.270000219 -17.0051 -12.2854 -4.9161 0 0 0 0
1628410306.470000029 -16.9703 -12.1956 -4.9156 0 0 0 0
1628410306.590000153 -16.9454 -12.1313 -4.9170 0 0 0 0
1628410306.790000200 -16.8960 -12.0226 -4.9162 0 0 0 0
1628410306.940000057 -16.8301 -11.9091 -4.9177 0 0 0 0
1628410307.060000181 -16.7995 -11.8688 -4.9178 0 0 0 0
1628410307.180000067 -16.7262 -11.7868 -4.9189 0 0 0 0
1628410307.360000134 -16.6713 -11.7246 -4.9189 0 0 0 0
1628410307.460000038 -16.6300 -11.6841 -4.9191 0 0 0 0
1628410307.590000153 -16.5620 -11.6285 -4.9195 0 0 0 0
1628410307.730000019 -16.5161 -11.5959 -4.9201 0 0 0 0
1628410307.880000114 -16.3459 -11.4879 -4.9218 0 0 0 0
1628410308.070000172 -16.2389 -11.4396 -4.9221 0 0 0 0
1628410308.250000000 -16.0952 -11.3947 -4.9234 0 0 0 0
1628410308.420000076 -16.0361 -11.3824 -4.9236 0 0 0 0
1628410308.560000181 -15.9464 -11.3622 -4.9242 0 0 0 0
1628410308.690000057 -15.8232 -11.3442 -4.9248 0 0 0 0
1628410308.880000114 -15.6657 -11.3520 -4.9246 0 0 0 0
1628410309.000000000 -15.6050 -11.3591 -4.9247 0 0 0 0
1628410309.150000095 -15.5105 -11.3685 -4.9268 0 0 0 0
1628410309.330000162 -15.3594 -11.4027 -4.9261 0 0 0 0
1628410309.480000019 -15.2980 -11.4253 -4.9255 0 0 0 0
1628410309.580000162 -15.2120 -11.4630 -4.9254 0 0 0 0
1628410309.710000038 -15.1556 -11.4900 -4.9264 0 0 0 0
1628410309.870000124 -14.9585 -11.5861 -4.9265 0 0 0 0
1628410309.990000010 -14.9016 -11.6198 -4.9256 0 0 0 0
1628410310.130000114 -14.8468 -11.6520 -4.9253 0 0 0 0
1628410310.259999990 -14.6947 -11.7282 -4.9265 0 0 0 0
1628410310.460000038 -14.6350 -11.7574 -4.9263 0 0 0 0
1628410310.580000162 -14.5730 -11.7887 -4.9264 0 0 0 0
1628410310.690000057 -14.4800 -11.8346 -4.9266 0 0 0 0
1628410310.810000181 -14.3223 -11.8920 -4.9268 0 0 0 0
1628410310.960000038 -14.1881 -11.9237 -4.9279 0 0 0 0
1628410311.090000153 -14.0896 -11.9450 -4.9280 0 0 0 0
1628410311.259999990 -13.9517 -11.9642 -4.9282 0 0 0 0
1628410311.380000114 -13.8868 -11.9692 -4.9284 0 0 0 0
1628410311.560000181 -13.7848 -11.9744 -4.9293 0 0 0 0
1628410311.690000057 -13.6211 -11.9642 -4.9294 0 0 0 0
1628410311.990000010 -13.4877 -11.9466 -4.9300 0 0 0 0
1628410312.140000105 -13.3927 -11.9320 -4.9298 0 0 0 0
1628410312.280000210 -13.2713 -11.9042 -4.9295 0 0 0 0
1628410312.440000057 -13.1233 -11.8464 -4.9292 0 0 0 0
1628410312.670000076 -12.9737 -11.7847 -4.9287 0 0 0 0
1628410312.840000153 -12.8381 -11.7078 -4.9275 0 0 0 0
1628410313.000000000 -12.7277 -11.6248 -4.9279 0 0 0 0
1628410313.170000076 -12.6749 -11.5847 -4.9275 0 0 0 0
1628410313.380000114 -12.4967 -11.4303 -4.9269 0 0 0 0
1628410313.520000219 -12.4319 -11.3536 -4.9265 0 0 0 0
1628410313.670000076 -12.3483 -11.2456 -4.9272 0 0 0 0
1628410313.870000124 -12.2501 -11.1019 -4.9266 0 0 0 0
1628410314.060000181 -12.1714 -10.9438 -4.9275 0 0 0 0
1628410314.170000076 -12.1416 -10.8778 -4.9270 0 0 0 0
1628410314.290000200 -12.1140 -10.8111 -4.9285 0 0 0 0
1628410314.450000048 -12.0797 -10.7078 -4.9276 0 0 0 0
1628410314.590000153 -12.0454 -10.5660 -4.9280 0 0 0 0
1628410314.750000000 -12.0236 -10.4582 -4.9279 0 0 0 0
1628410314.880000114 -12.0083 -10.3183 -4.9283 0 0 0 0
1628410314.980000019 -12.0087 -10.2047 -4.9282 0 0 0 0
1628410315.160000086 -12.0123 -10.1339 -4.9290 0 0 0 0
1628410315.310000181 -12.0200 -9.9836 -4.9294 0 0 0 0
1628410315.480000019 -12.0516 -9.8002 -4.9302 0 0 0 0
1628410315.650000095 -12.1120 -9.6172 -4.9313 0 0 0 0
1628410315.780000210 -12.1362 -9.5476 -4.9317 0 0 0 0
1628410315.950000048 -12.1759 -9.4359 -4.9312 0 0 0 0
1628410316.070000172 -12.2213 -9.3318 -4.9318 0 0 0 0
1628410316.170000076 -12.2879 -9.1838 -4.9308 0 0 0 0
1628410316.420000076 -12.3339 -9.0290 -4.9315 0 0 0 0
1628410316.530000210 -12.3566 -8.9150 -4.9311 0 0 0 0
1628410316.690000057 -12.3719 -8.7198 -4.9315 0 0 0 0
1628410316.860000134 -12.3660 -8.5651 -4.9320 0 0 0 0
1628410316.980000019 -12.3529 -8.4481 -4.9315 0 0 0 0
1628410317.190000057 -12.3116 -8.2619 -4.9313 0 0 0 0
1628410317.360000134 -12.2515 -8.1348 -4.9297 0 0 0 0
1628410317.490000010 -12.2179 -8.0674 -4.9306 0 0 0 0
1628410317.680000067 -12.1337 -7.9018 -4.9306 0 0 0 0
1628410317.850000143 -12.0164 -7.7626 -4.9304 0 0 0 0
1628410318.020000219 -11.9621 -7.7150 -4.9299 0 0 0 0
1628410318.130000114 -11.8839 -7.6409 -4.9296 0 0 0 0
1628410318.259999990 -11.7694 -7.5442 -4.9311 0 0 0 0
1628410318.380000114 -11.6802 -7.4906 -4.9305 0 0 0 0
1628410318.509999990 -11.6087 -7.4513 -4.9314 0 0 0 0
1628410318.670000076 -11.4428 -7.3664 -4.9320 0 0 0 0
1628410318.840000153 -11.3345 -7.3256 -4.9328 0 0 0 0
1628410318.950000048 -11.2704 -7.3050 -4.9318 0 0 0 0
1628410319.110000134 -11.1979 -7.2823 -4.9324 0 0 0 0
1628410319.280000210 -10.9772 -7.2093 -4.9331 0 0 0 0
1628410319.390000105 -10.9197 -7.1970 -4.9334 0 0 0 0
1628410319.560000181 -10.8438 -7.1813 -4.9330 0 0 0 0
1628410319.680000067 -10.7970 -7.1695 -4.9331 0 0 0 0
1628410319.800000191 -10.7216 -7.1413 -4.9335 0 0 0 0
1628410319.970000029 -10.6883 -7.1317 -4.9336 0 0 0 0
1628410320.170000076 -10.6174 -7.1220 -4.9337 0 0 0 0
1628410320.360000134 -10.5983 -7.1170 -4.9340 0 0 0 0
1628410320.610000134 -10.5502 -7.1077 -4.9336 0 0 0 0
1628410320.780000210 -10.5497 -7.1068 -4.9337 0 0 0 0
1628410320.960000038 -10.5527 -7.1070 -4.9336 0 0 0 0
1628410321.080000162 -10.5516 -7.1073 -4.9336 0 0 0 0
1628410321.200000048 -10.5504 -7.1064 -4.9335 0 0 0 0
1628410321.360000134 -10.5495 -7.1056 -4.9336 0 0 0 0
1628410321.509999990 -10.5453 -7.1055 -4.9332 0 0 0 0
1628410321.630000114 -10.5429 -7.1048 -4.9334 0 0 0 0
1628410321.750000000 -10.5387 -7.1035 -4.9333 0 0 0 0
1628410321.870000124 -10.5309 -7.1024 -4.9330 0 0 0 0
1628410322.080000162 -10.5173 -7.0995 -4.9332 0 0 0 0
1628410322.240000010 -10.5114 -7.0984 -4.9328 0 0 0 0
1628410322.430000067 -10.4925 -7.0947 -4.9327 0 0 0 0
1628410322.540000200 -10.4795 -7.0928 -4.9326 0 0 0 0
1628410322.710000038 -10.4585 -7.0895 -4.9326 0 0 0 0
1628410322.840000153 -10.4420 -7.0866 -4.9322 0 0 0 0
1628410323.009999990 -10.4149 -7.0816 -4.9319 0 0 0 0
1628410323.140000105 -10.4003 -7.0786 -4.9324 0 0 0 0
1628410323.310000181 -10.3581 -7.0724 -4.9331 0 0 0 0
1628410323.410000086 -10.3426 -7.0687 -4.9328 0 0 0 0
1628410323.570000172 -10.3201 -7.0609 -4.9331 0 0 0 0
1628410323.680000067 -10.2882 -7.0525 -4.9341 0 0 0 0
1628410323.850000143 -10.2835 -7.0535 -4.9335 0 0 0 0
1628410323.970000029 -10.2853 -7.0538 -4.9336 0 0 0 0
1628410324.160000086 -10.2921 -7.0541 -4.9336 0 0 0 0
1628410324.290000200 -10.2970 -7.0557 -4.9338 0 0 0 0
1628410324.480000019 -10.2985 -7.0560 -4.9338 0 0 0 0
1628410324.650000095 -10.2983 -7.0556 -4.9339 0 0 0 0
1628410324.820000172 -10.2981 -7.0558 -4.9339 0 0 0 0
1628410324.980000019 -10.2983 -7.0559 -4.9340 0 0 0 0
1628410325.140000105 -10.2979 -7.0556 -4.9340 0 0 0 0
1628410325.280000210 -10.2984 -7.0558 -4.9339 0 0 0 0
1628410325.600000143 -10.2982 -7.0557 -4.9341 0 0 0 0
1628410325.759999990 -10.2983 -7.0558 -4.9340 0 0 0 0
1628410325.880000114 -10.2981 -7.0556 -4.9339 0 0 0 0
1628410325.990000010 -10.2982 -7.0557 -4.9340 0 0 0 0
1628410326.170000076 -10.2983 -7.0557 -4.9341 0 0 0 0
1628410326.380000114 -10.2982 -7.0557 -4.9341 0 0 0 0
1628410326.530000210 -10.2983 -7.0558 -4.9340 0 0 0 0
1628410326.630000114 -10.2983 -7.0557 -4.9340 0 0 0 0
1628410326.800000191 -10.2983 -7.0557 -4.9339 0 0 0 0
1628410326.910000086 -10.2983 -7.0558 -4.9340 0 0 0 0
1628410327.030000210 -10.2982 -7.0557 -4.9340 0 0 0 0
1628410327.130000114 -10.2983 -7.0556 -4.9340 0 0 0 0
1628410327.310000181 -10.2983 -7.0558 -4.9340 0 0 0 0
1628410327.430000067 -10.2983 -7.0557 -4.9341 0 0 0 0
1628410327.530000210 -10.2983 -7.0557 -4.9341 0 0 0 0
1628410327.640000105 -10.2982 -7.0557 -4.9340 0 0 0 0
1628410327.750000000 -10.2983 -7.0557 -4.9341 0 0 0 0
1628410327.850000143 -10.2983 -7.0557 -4.9341 0 0 0 0
1628410328.000000000 -10.2983 -7.0557 -4.9341 0 0 0 0
1628410328.120000124 -10.2983 -7.0557 -4.9341 0 0 0 0
1628410328.240000010 -10.2984 -7.0558 -4.9341 0 0 0 0
1628410328.430000067 -10.2983 -7.0557 -4.9341 0 0 0 0
1628410328.540000200 -10.2983 -7.0557 -4.9341 0 0 0 0
1628410328.650000095 -10.2982 -7.0557 -4.9340 0 0 0 0
1628410328.759999990 -10.2982 -7.0557 -4.9341 0 0 0 0
1628410328.900000095 -10.2984 -7.0556 -4.9341 0 0 0 0
1628410329.020000219 -10.2983 -7.0556 -4.9342 0 0 0 0
1628410329.160000086 -10.2984 -7.0557 -4.9342 0 0 0 0
1628410329.259999990 -10.2983 -7.0557 -4.9341 0 0 0 0
1628410329.390000105 -10.2984 -7.0557 -4.9341 0 0 0 0
1628410329.500000000 -10.2983 -7.0557 -4.9341 0 0 0 0
1628410329.640000105 -10.2985 -7.0558 -4.9341 0 0 0 0
1628410329.770000219 -10.2983 -7.0557 -4.9341 0 0 0 0
1628410329.990000010 -10.2983 -7.0557 -4.9342 0 0 0 0
1628410330.130000114 -10.2983 -7.0557 -4.9342 0 0 0 0
1628410330.240000010 -10.2984 -7.0557 -4.9341 0 0 0 0
1628410330.370000124 -10.2984 -7.0557 -4.9341 0 0 0 0
1628410330.570000172 -10.2984 -7.0557 -4.9341 0 0 0 0
1628410330.870000124 -10.2984 -7.0557 -4.9341 0 0 0 0
1628410331.020000219 -10.2983 -7.0557 -4.9341 0 0 0 0
1628410331.130000114 -10.2983 -7.0557 -4.9341 0 0 0 0
1628410331.330000162 -10.2984 -7.0557 -4.9342 0 0 0 0
1628410331.450000048 -10.2982 -7.0556 -4.9342 0 0 0 0
1628410331.640000105 -10.2984 -7.0557 -4.9341 0 0 0 0
1628410331.750000000 -10.2984 -7.0558 -4.9342 0 0 0 0
1628410331.880000114 -10.2984 -7.0557 -4.9342 0 0 0 0
1628410331.990000010 -10.2983 -7.0557 -4.9341 0 0 0 0
1628410332.130000114 -10.2984 -7.0557 -4.9342 0 0 0 0
1628410332.330000162 -10.2984 -7.0557 -4.9342 0 0 0 0
1628410332.470000029 -10.2984 -7.0556 -4.9342 0 0 0 0
1628410332.590000153 -10.2984 -7.0557 -4.9342 0 0 0 0
1628410332.720000029 -10.2984 -7.0556 -4.9343 0 0 0 0
1628410332.870000124 -10.2985 -7.0557 -4.9341 0 0 0 0
1628410332.990000010 -10.2984 -7.0557 -4.9342 0 0 0 0
1628410333.110000134 -10.2984 -7.0556 -4.9341 0 0 0 0
1628410333.230000019 -10.2984 -7.0556 -4.9343 0 0 0 0
1628410333.350000143 -10.2985 -7.0557 -4.9344 0 0 0 0
1628410333.470000029 -10.2984 -7.0557 -4.9342 0 0 0 0
1628410333.580000162 -10.2985 -7.0557 -4.9341 0 0 0 0
1628410333.680000067 -10.2984 -7.0556 -4.9340 0 0 0 0
1628410333.790000200 -10.2985 -7.0557 -4.9340 0 0 0 0
1628410333.890000105 -10.2986 -7.0557 -4.9341 0 0 0 0
1628410334.070000172 -10.2985 -7.0557 -4.9342 0 0 0 0
1628410334.180000067 -10.2985 -7.0557 -4.9341 0 0 0 0
1628410334.440000057 -10.2984 -7.0557 -4.9343 0 0 0 0
1628410334.620000124 -10.2984 -7.0557 -4.9344 0 0 0 0
1628410334.740000010 -10.2983 -7.0557 -4.9343 0 0 0 0
1628410334.840000153 -10.2984 -7.0558 -4.9343 0 0 0 0
1628410334.990000010 -10.2984 -7.0557 -4.9342 0 0 0 0
