1628410193.926821120 0.0000 0.0000 0.0000 0.0057 0.0075 0.9823 0.1872
1628410195.529991424 -0.3719 0.1828 -0.0010 0.0062 0.0083 0.9542 0.2989
1628410196.531964416 -0.6480 0.4224 -0.0023 0.0062 0.0101 0.9143 0.4048
1628410197.333603840 -0.8817 0.7370 0.0074 0.0056 0.0086 0.8571 0.5151
1628410197.934883072 -1.0303 1.0222 0.0101 0.0042 0.0094 0.7996 0.6005
1628410198.536181248 -1.1064 1.3483 0.0146 0.0034 0.0097 0.7281 0.6854
1628410199.137102080 -1.1393 1.7199 0.0245 0.0023 0.0097 0.6431 0.7657
1628410199.738300928 -1.0599 2.0851 0.0110 0.0012 0.0101 0.5487 0.8359
1628410200.539884544 -0.8720 2.4834 0.0046 0.0004 0.0100 0.4547 0.8906
1628410201.842477312 -0.4299 3.0046 0.0000 0.0001 0.0083 0.3479 0.9375
1628410202.844829184 0.0304 3.3627 -0.0081 -0.0010 0.0077 0.2509 0.9680
1628410204.248508672 0.9448 3.8436 -0.0219 -0.0001 0.0058 0.2862 0.9582
1628410204.848412928 1.2801 4.0864 -0.0272 0.0010 0.0055 0.3833 0.9236
1628410205.449584384 1.5376 4.3914 -0.0294 0.0018 0.0050 0.4984 0.8670
1628410206.050758400 1.6863 4.7307 -0.0364 0.0026 0.0042 0.6112 0.7914
1628410206.652067072 1.7276 5.0823 -0.0315 0.0035 0.0019 0.7134 0.7007
1628410207.253141760 1.6680 5.4530 -0.0402 0.0033 0.0005 0.8065 0.5912
1628410207.653922560 1.5710 5.7253 -0.0384 0.0033 -0.0001 0.8659 0.5002
1628410208.154932224 1.3358 6.0203 -0.0369 0.0046 -0.0015 0.9284 0.3716
1628410208.555704064 1.0956 6.2233 -0.0427 0.0052 0.0020 0.9652 0.2614
1628410209.057905920 0.7239 6.3828 -0.0464 0.0078 0.0018 0.9937 0.1121
1628410209.558068480 0.3373 6.4318 -0.0499 -0.0072 -0.0015 -0.9992 0.0404
1628410210.060368640 -0.0555 6.3616 -0.0345 -0.0082 -0.0005 -0.9816 0.1906
1628410210.661090304 -0.4915 6.1058 -0.0251 -0.0087 0.0008 -0.9543 0.2988
1628410211.862253824 -1.2977 5.5617 -0.0098 -0.0116 0.0017 -0.9820 0.1885
1628410212.664197376 -1.9218 5.3739 -0.0006 -0.0123 0.0001 -0.9982 0.0595
1628410213.265049088 -2.3713 5.3416 0.0243 0.0130 0.0014 0.9986 0.0512
1628410213.866202880 -2.8394 5.4129 0.0293 0.0130 0.0041 0.9840 0.1776
1628410214.467879168 -3.2793 5.5823 0.0514 0.0125 0.0065 0.9518 0.3065
1628410215.068675072 -3.6353 5.8668 0.0627 0.0121 0.0074 0.9014 0.4328
1628410215.669879040 -3.9003 6.2369 0.0590 0.0095 0.0082 0.8353 0.5497
1628410216.270947328 -4.0446 6.6402 0.0624 0.0075 0.0076 0.7556 0.6550
1628410216.771936768 -4.0599 7.0014 0.0648 0.0061 0.0075 0.6785 0.7345
1628410217.272935424 -3.9993 7.3628 0.0550 0.0065 0.0082 0.5938 0.8045
1628410217.874173696 -3.8441 7.7642 0.0498 0.0046 0.0089 0.4824 0.8759
1628410218.376260864 -3.6370 8.0514 0.0470 0.0035 0.0098 0.3817 0.9242
1628410218.980500480 -3.3120 8.3357 0.0347 0.0019 0.0102 0.2532 0.9674
1628410219.577482240 -2.9087 8.5156 0.0126 0.0004 0.0093 0.1308 0.9914
1628410221.080463360 -1.7998 8.8222 0.0043 0.0013 0.0094 0.2191 0.9756
1628410223.785809408 -1.2964 9.1276 -0.0116 0.0021 0.0117 0.3309 0.9436
1628410225.489153536 -2.1038 8.4379 0.0039 0.0019 0.0115 0.2388 0.9710
1628410226.090338048 -2.4252 8.2922 0.0057 0.0005 0.0120 0.1271 0.9918
1628410226.791758592 -2.8998 8.2039 0.0139 -0.0002 0.0113 -0.0261 0.9996
1628410227.392928000 -3.3449 8.2583 0.0363 -0.0020 0.0126 -0.1722 0.9850
1628410227.894098944 -3.7076 8.4148 0.0461 -0.0032 0.0124 -0.2959 0.9551
1628410228.294692864 -3.9729 8.6037 0.0472 -0.0032 0.0115 -0.3921 0.9199
1628410228.695490816 -4.1887 8.8312 0.0540 -0.0036 0.0102 -0.4822 0.8760
1628410230.699457280 -4.1758 8.7669 0.0695 -0.0106 0.0108 -0.5858 0.8103
1628410231.300647168 -4.0915 8.3475 0.0558 -0.0120 0.0096 -0.6782 0.7347
1628410231.901816320 -4.1180 7.9225 0.0496 -0.0135 0.0082 -0.7612 0.6484
1628410232.503009536 -4.1898 7.5648 0.0510 -0.0130 0.0070 -0.8224 0.5688
1628410233.504992512 -4.3372 6.9736 0.0688 -0.0124 0.0071 -0.7560 0.6544
1628410234.107446784 -4.3672 6.6067 0.0605 -0.0118 0.0072 -0.6730 0.7395
1628410234.707355904 -4.3008 6.2129 0.0638 -0.0114 0.0083 -0.5644 0.8253
1628410235.209247232 -4.1610 5.8997 0.0578 -0.0103 0.0083 -0.4569 0.8894
1628410235.609571840 -3.9945 5.6773 0.0597 -0.0074 0.0088 -0.3620 0.9321
1628410236.010025472 -3.7872 5.4992 0.0517 -0.0080 0.0095 -0.2599 0.9656
1628410236.511072768 -3.4649 5.3495 0.0456 -0.0048 0.0114 -0.1273 0.9918
1628410237.016629760 -3.1149 5.2841 0.0416 -0.0024 0.0117 0.0078 0.9999
1628410237.412701696 -2.8329 5.2903 0.0296 0.0011 0.0124 0.1137 0.9934
1628410238.514919424 -1.9703 5.5776 0.0166 0.0029 0.0115 0.2135 0.9769
1628410239.917704960 -1.0352 6.0114 -0.0112 0.0001 0.0103 0.1534 0.9881
1628410240.619042304 -0.5429 6.1231 -0.0153 -0.0012 0.0091 0.0277 0.9996
1628410241.221537536 -0.1236 6.1245 -0.0219 -0.0016 0.0082 -0.0840 0.9964
1628410241.821402368 0.2806 6.0230 -0.0284 -0.0030 0.0077 -0.2016 0.9794
1628410242.422596864 0.6435 5.8410 -0.0384 -0.0044 0.0066 -0.3243 0.9459
1628410243.023781120 0.9474 5.5538 -0.0412 -0.0066 0.0068 -0.4442 0.8959
1628410243.624966400 1.1794 5.2037 -0.0487 -0.0075 0.0053 -0.5588 0.8293
1628410244.226209792 1.3193 4.7913 -0.0498 -0.0086 0.0051 -0.6655 0.7463
1628410244.827372544 1.3809 4.3688 -0.0379 -0.0091 0.0045 -0.7622 0.6473
1628410245.428536320 1.2766 3.9290 -0.0328 -0.0109 0.0038 -0.8439 0.5363
1628410246.029723648 1.0541 3.5251 -0.0302 -0.0104 0.0029 -0.9090 0.4166
1628410246.630917120 0.7619 3.2268 -0.0296 -0.0102 0.0024 -0.9563 0.2921
1628410247.131912704 0.4378 3.0335 -0.0282 -0.0103 0.0004 -0.9839 0.1785
1628410248.534661376 -0.6041 2.6451 -0.0037 -0.0116 -0.0014 -0.9675 0.2525
1628410249.135855616 -0.9566 2.4028 0.0054 -0.0116 0.0000 -0.9335 0.3585
1628410249.737332224 -1.2547 2.0975 0.0140 -0.0112 0.0010 -0.8858 0.4640
1628410250.338651136 -1.4635 1.7323 0.0234 -0.0124 0.0017 -0.8217 0.5698
1628410252.241980928 -1.5291 1.5414 0.0075 -0.0113 0.0066 -0.7412 0.6712
1628410252.843166208 -1.5326 1.9727 0.0159 -0.0117 0.0086 -0.6376 0.7703
1628410253.243982336 -1.5922 2.2723 0.0183 -0.0117 0.0106 -0.5568 0.8305
1628410253.845150464 -1.7780 2.6648 0.0273 -0.0114 0.0121 -0.4310 0.9022
1628410254.446341632 -2.0488 2.9615 0.0454 -0.0114 0.0141 -0.3040 0.9525
1628410256.049510400 -3.0232 3.4780 0.0560 -0.0089 0.0134 -0.2687 0.9631
1628410257.352178688 -3.7624 4.0072 0.0647 -0.0093 0.0132 -0.3842 0.9231
1628410258.855062016 -4.4813 4.7517 0.0646 -0.0098 0.0119 -0.3331 0.9428
1628410259.656651520 -4.9408 5.0717 0.0739 -0.0104 0.0123 -0.2180 0.9758
1628410261.460191232 -5.4747 5.2672 0.0998 -0.0094 0.0105 -0.1125 0.9936
1628410262.261766656 -5.0004 5.2059 0.0808 -0.0051 0.0099 0.0243 0.9996
1628410262.762838272 -4.6613 5.2441 0.0701 -0.0014 0.0109 0.1261 0.9920
1628410263.364531968 -4.2884 5.3742 0.0602 0.0001 0.0114 0.2436 0.9698
1628410264.065351424 -3.9162 5.6228 0.0451 0.0021 0.0115 0.3712 0.9285
1628410264.866929920 -3.5841 6.0131 0.0352 0.0045 0.0099 0.5120 0.8589
1628410265.468252928 -3.4152 6.3711 0.0353 0.0060 0.0095 0.6115 0.7912
1628410266.069299712 -3.3496 6.7627 0.0402 0.0079 0.0094 0.7049 0.7092
1628410266.670468096 -3.3836 7.1673 0.0373 0.0087 0.0093 0.7914 0.6111
1628410267.171795456 -3.4979 7.4939 0.0409 0.0118 0.0073 0.8547 0.5189
1628410269.275749120 -3.4252 7.4574 0.0385 0.0082 0.0060 0.9200 0.3918
1628410269.876858624 -3.1155 7.1991 0.0401 0.0080 0.0033 0.9672 0.2539
1628410270.478002176 -2.7447 7.0315 0.0242 0.0080 0.0010 0.9937 0.1119
1628410270.978985728 -2.4261 6.9831 0.0132 -0.0078 0.0007 -1.0000 0.0051
1628410271.580192256 -2.0489 7.0278 0.0062 -0.0076 0.0030 -0.9892 0.1465
1628410272.081161984 -1.7168 7.1606 0.0016 -0.0089 0.0063 -0.9618 0.2736
1628410272.582141184 -1.4340 7.3934 -0.0124 -0.0076 0.0066 -0.9152 0.4028
1628410273.083150592 -1.2270 7.6982 -0.0057 -0.0073 0.0080 -0.8511 0.5249
1628410273.684345856 -1.0801 8.1324 -0.0146 -0.0074 0.0085 -0.7495 0.6619
1628410275.187325696 -1.0672 8.9154 -0.0130 -0.0083 0.0067 -0.6796 0.7336
1628410278.594017536 -0.9901 7.8489 -0.0139 -0.0066 0.0060 -0.6816 0.7317
1628410279.796526336 -0.9015 7.2997 -0.0178 -0.0047 0.0073 -0.5889 0.8082
1628410280.597973248 -0.7632 6.9617 -0.0185 -0.0055 0.0067 -0.4859 0.8739
1628410282.301349120 -0.3022 6.1882 -0.0229 -0.0063 0.0065 -0.5963 0.8027
1628410283.002875904 -0.2223 5.8058 -0.0220 -0.0096 0.0068 -0.6887 0.7250
1628410283.603925248 -0.2184 5.3979 -0.0220 -0.0117 0.0069 -0.7675 0.6409
1628410284.305330688 -0.2228 4.8303 -0.0211 -0.0086 0.0046 -0.6772 0.7358
1628410284.706143488 -0.1955 4.4776 -0.0105 -0.0058 0.0040 -0.5841 0.8117
1628410285.106888192 -0.1053 4.1465 -0.0148 -0.0040 0.0044 -0.4816 0.8764
1628410286.409445888 0.5268 3.2417 -0.0291 -0.0075 0.0062 -0.5383 0.8427
1628410286.910473728 0.6579 2.9036 -0.0328 -0.0065 0.0058 -0.6318 0.7751
1628410288.112814336 0.6823 3.0040 -0.0345 -0.0009 0.0057 -0.7064 0.7078
1628410289.014751744 0.7169 4.1535 -0.0258 -0.0098 0.0106 -0.5538 0.8325
1628410289.816696064 -0.0196 5.0392 -0.0205 -0.0029 0.0033 -0.5777 0.8162
1628410290.617765888 -0.0997 6.0797 -0.0254 -0.0092 0.0090 -0.5341 0.8453
1628410291.018786048 -0.3792 6.4480 -0.0212 -0.0087 0.0096 -0.4146 0.9099
1628410291.820130816 -1.0245 7.0816 -0.0200 -0.0024 0.0062 -0.5475 0.8368
1628410292.624518144 -1.2479 7.9215 -0.0096 -0.0081 0.0100 -0.4230 0.9061
1628410293.222891776 -1.8022 8.3260 0.0045 -0.0077 0.0124 -0.2289 0.9734
1628410294.028517120 -2.6406 8.6986 0.0176 -0.0019 0.0095 -0.3338 0.9426
1628410295.026471936 -3.3302 9.4835 0.0456 -0.0084 0.0107 -0.3030 0.9529
1628410296.629672960 -3.1053 9.1730 0.0329 -0.0121 0.0084 -0.4472 0.8943
1628410297.230808064 -2.8898 8.8202 0.0207 -0.0120 0.0087 -0.5761 0.8172
1628410297.731799808 -2.7948 8.5223 0.0213 -0.0120 0.0080 -0.6668 0.7451
1628410298.333045504 -2.7754 8.1912 0.0208 -0.0129 0.0076 -0.7523 0.6586
1628410298.934386176 -2.8315 7.8759 0.0166 -0.0130 0.0071 -0.8246 0.5655
1628410299.535368448 -2.9767 7.5668 0.0125 -0.0128 0.0058 -0.8875 0.4606
1628410300.136564224 -3.2028 7.2884 0.0207 -0.0133 0.0045 -0.9403 0.3401
1628410300.637558528 -3.4452 7.0986 0.0233 -0.0142 0.0030 -0.9727 0.2315
1628410302.040313088 -4.4008 6.7553 0.0646 -0.0149 0.0002 -0.9706 0.2403
1628410302.641497088 -4.6993 6.5541 0.0774 -0.0137 0.0014 -0.9329 0.3600
1628410304.044261888 -4.5983 6.7148 0.0635 -0.0094 0.0083 -0.8727 0.4880
1628410304.445047808 -4.4135 7.0710 0.0552 -0.0096 0.0114 -0.8022 0.5969
1628410304.847201792 -4.2970 7.5471 0.0590 -0.0110 0.0138 -0.7152 0.6987
1628410307.050184192 -4.3002 7.9709 0.0696 -0.0088 0.0058 -0.6174 0.7866
1628410307.450977280 -4.2259 7.7330 0.0654 -0.0074 0.0062 -0.5356 0.8444
1628410307.851770880 -4.0905 7.5033 0.0552 -0.0056 0.0059 -0.4454 0.8953
1628410308.252568832 -3.9187 7.2942 0.0466 -0.0032 0.0062 -0.3484 0.9373
1628410308.653354752 -3.6904 7.1312 0.0343 -0.0026 0.0070 -0.2454 0.9694
1628410309.054144256 -3.4218 7.0186 0.0343 -0.0008 0.0071 -0.1368 0.9906
1628410309.454935552 -3.1446 6.9635 0.0268 0.0020 0.0071 -0.0257 0.9996
1628410309.855728128 -2.8511 6.9630 0.0185 0.0023 0.0076 0.0818 0.9966
1628410311.358702336 -1.7332 7.2153 -0.0014 -0.0017 0.0079 0.0013 1.0000
1628410312.060102400 -1.1758 7.1806 -0.0158 -0.0023 0.0076 -0.1493 0.9888
1628410312.661298944 -0.7400 7.0077 -0.0194 -0.0047 0.0061 -0.2747 0.9615
1628410313.162534144 -0.4185 6.7848 -0.0295 -0.0056 0.0046 -0.3768 0.9263
1628410313.763484416 -0.0799 6.4482 -0.0256 -0.0067 0.0068 -0.4952 0.8687
1628410314.364633088 0.1503 6.0188 -0.0292 -0.0092 0.0073 -0.6101 0.7922
1628410314.965840896 0.2354 5.5195 -0.0389 -0.0115 0.0067 -0.7169 0.6971
1628410315.567033600 0.1655 4.9864 -0.0272 -0.0123 0.0064 -0.8115 0.5842
1628410316.168189440 -0.0753 4.4704 -0.0243 -0.0117 0.0054 -0.8803 0.4742
1628410316.969774848 -0.5212 3.8063 -0.0036 -0.0084 0.0038 -0.7988 0.6016
1628410317.370562560 -0.6071 3.4512 -0.0013 -0.0053 0.0037 -0.7178 0.6962
1628410317.771354624 -0.5915 3.1024 -0.0118 -0.0064 0.0056 -0.6233 0.7820
1628410318.172156672 -0.4873 2.7784 -0.0113 -0.0065 0.0060 -0.5189 0.8548
1628410318.572964608 -0.2978 2.4902 -0.0090 -0.0048 0.0053 -0.4120 0.9111
1628410318.973767424 -0.0270 2.2559 -0.0189 -0.0023 0.0064 -0.3160 0.9487
